4.6177 371.32 1 12.704 96.254 1 0
6.3687 109.67 1 251.12 465.41 1 0
13.355 212.03 1 9.5325 47.75 1 0
24.558 396.59 1 127.29 295.08 1 0
28.765 122.6 1 292.85 346.82 1 0
31.33 310.2 1 51.651 452.82 1 0
43.003 324.18 1 51.463 431.28 1 0
53.887 65.929 1 507.89 454.66 1 0
55.151 221.39 1 285.96 417 1 0
58.189 269.47 1 253.25 264.93 1 1
72.985 70.001 1 212.76 279.73 1 0
84.942 330.15 1 407.52 65.061 1 0
87.432 7.4753 1 329.37 306.03 1 0
92.743 9.6155 1 188.38 299.81 1 0
92.735 139.12 1 546.78 386.15 1 0
107.79 88.453 1 243.26 334.03 1 0
118.1 290.48 1 305.38 298.88 1 1
123.67 216.24 1 318.06 221.88 1 1
126.27 291.28 1 313.56 301.27 1 1
128.28 155.16 1 590.42 70.756 1 0
128.47 210.54 1 322.6 216.37 1 1
130.63 287.97 1 318.36 298.94 1 1
131.88 314.5 1 315.12 324.24 1 1
134.38 221.53 1 328.43 229.49 1 1
137.09 201.27 1 331.43 207.45 1 1
139.58 207.9 1 333.64 214.78 1 1
142.85 292.89 1 329.37 306.03 1 1
150.59 472.34 1 435.83 69.51 1 0
162.23 405.08 1 457.53 111.01 1 0
168.19 373.86 1 348.41 398.96 1 1
170.59 448.43 1 7.5928 251.12 1 0
175.96 163.14 1 370.91 171.54 1 1
176.6 409.8 1 347.93 436.01 1 1
177.91 221.3 1 372.6 235.99 1 1
179.56 329.87 1 362.8 352.33 1 1
180.51 226.43 1 375.18 242.37 1 1
180.67 389.54 1 356.04 414.42 1 1
185.25 43.032 1 149.84 456.04 1 0
184.84 406.8 1 356.22 433.82 1 1
192.87 209.72 1 388.36 225.02 1 1
202.4 291.02 1 393.04 316.37 1 1
202.4 291.02 1 402.19 470.05 1 0
207.24 230.05 1 403.61 250.69 1 1
210.38 251.91 1 407.91 276.26 1 1
214.58 360.34 1 395.82 392.7 1 1
220.34 340.9 1 405.58 373.59 1 1
231.38 45.21 1 69.411 258.62 1 0
243.44 318.57 1 430.6 352.24 1 1
266.46 168.94 1 467.64 190.82 1 1
268.74 222.34 1 469.73 252.56 1 1
269.67 320.75 1 460.11 360.91 1 1
277.99 366.32 1 455.46 407.93 1 1
281.24 353.03 1 433.13 261.82 1 0
285.5 239.93 1 488.79 275.81 1 1
286.31 248.25 1 490.8 285.9 1 1
286.39 269.2 1 490.6 310.75 1 1
287.73 362.1 1 466.87 405.08 1 1
292.19 95.03 1 82.294 252.89 1 0
301.43 67.141 1 114.84 395.54 1 0
306.57 221.34 1 512.42 257.41 1 1
310.15 12.101 1 426.74 461.48 1 0
311.03 210.02 1 516.75 245.23 1 1
313.8 419.88 1 407.91 276.26 1 0
315.91 205.92 1 522.67 240.84 1 1
315.61 249.45 1 523.25 292.81 1 1
330.37 30.608 1 91.678 135.71 1 0
361.57 294.39 1 576.91 355.03 1 1
379.36 322.02 1 285.96 417 1 0
391.08 78.255 1 135.03 369.18 1 0
390.14 177.36 1 519.95 414.68 1 0
392.68 61.362 1 151.91 317.58 1 0
394.73 258.8 1 603.21 313.44 1 1
394.73 258.8 1 603.21 313.44 1 1
397.38 264.2 1 606.03 320.32 1 1
400.52 291.16 1 602.68 350.4 1 1
411.77 385.03 1 390.71 21.921 1 0
444.3 41.739 1 217.41 418.08 1 0
452.11 22.045 1 304.76 467.52 1 0
461.28 307.29 1 407.52 65.061 1 0
469.45 279.92 1 104.12 75.365 1 0
475.81 67.287 1 137.2 400.4 1 0
483.21 465.04 1 397.7 114.39 1 0
498.22 283.01 1 97.558 34.849 1 0
516.08 186.61 1 447.6 90.433 1 0
536.3 136.12 1 117.28 380.89 1 0
543.79 438.88 1 35.503 296.41 1 0
561.97 453.25 1 34.584 79.59 1 0
594.53 15.161 1 123.87 266.56 1 0
635.21 269.3 1 261.91 194.15 1 0
103.48 225.01 1 297.97 228.64 1 1
122.31 190.14 1 315.89 193.63 1 1
141.32 332.93 1 323.22 347.75 1 1
154.05 191.2 1 348.21 198.85 1 1
166.54 471.3 1 595.13 288.88 1 0
163.8 311.17 1 199.9 12.638 1 0
176.51 371.29 1 356.74 398.57 1 1
180.4 388.72 1 356.04 414.42 1 1
187.92 235.77 1 382.99 254.04 1 1
214.98 156.66 1 421.12 171.84 1 1
216.89 219.69 1 413.84 240.56 1 1
217.66 177.07 1 414.17 192.72 1 1
220.4 358.55 1 401.88 391.81 1 1
236.04 50.204 1 82.294 252.89 1 0
262.02 44.122 1 69.727 350.11 1 0
271.93 278.77 1 474.11 318.67 1 1
273.27 207.62 1 476.91 237.03 1 1
278.58 172.17 1 151.11 419.02 1 0
282.43 222.23 1 484.51 254.98 1 1
282.52 301.53 1 478.46 345.1 1 1
285.71 388.12 1 25.712 193.89 1 0
288.2 226.19 1 491.44 259.85 1 1
299.08 34.808 1 93.414 404.07 1 0
312.52 225.42 1 518.85 263.63 1 1
324.63 267.16 1 534.87 317.27 1 1
327.47 309.49 1 315.89 193.63 1 0
330.21 70.922 1 151.33 323.76 1 0
332 236.16 1 541.8 279.7 1 1
334.71 307.3 1 538.64 361.77 1 1
339.02 335.31 1 524.95 386.57 1 1
376.02 380.88 1 137.66 174.07 1 0
392.97 20.056 1 625.77 292.87 1 0
413.08 189.36 1 52.756 71.303 1 0
413.87 239.84 1 590.42 70.756 1 0
415.94 432.2 1 564.96 318.72 1 0
458.41 287.54 1 404.66 78.859 1 0
458.6 299.83 1 62.88 226.65 1 0
497.41 467.9 1 30.596 286.76 1 0
503.49 21.446 1 105.42 318.84 1 0
527.99 80.911 1 95.322 384.4 1 0
530.82 367.29 1 149.84 456.04 1 0
530.82 367.29 1 336.19 59.228 1 0
59.72 249.77 1 329.05 442.62 1 0
129.98 198.79 1 324.87 203.49 1 1
146.42 188.58 1 341.01 194.79 1 1
165.99 311.83 1 353.44 329.46 1 1
176.93 341.96 1 252.13 249.86 1 0
224.12 157.87 1 421.12 171.84 1 1
241.08 337.32 1 430.3 373.59 1 1
269.15 232.66 1 470.35 263.89 1 1
274.81 335.06 1 461.2 376.7 1 1
293.09 243.49 1 497.57 280.96 1 1
305.53 214.19 1 320.86 292.99 1 0
378.06 302.75 1 371.45 309.4 1 0
129.16 329.42 1 413.84 240.56 1 0
146.74 312.79 1 335.84 327.91 1 1
153.29 205.3 1 347.33 214.28 1 1
212.1 242.24 1 408.94 266.13 1 1
225.83 159.14 1 423.62 173.47 1 1
280.48 272.22 1 483.97 313.97 1 1
282.64 255.1 1 486.03 294.07 1 1
303.05 194.45 1 507.42 225.86 1 1
317.47 165.02 1 525.65 194.04 1 1
323.45 219.13 1 531.97 257.83 1 1
345.18 167.2 1 556.75 199.19 1 1
376.48 255.09 1 500.25 381.31 1 0
394.24 292.72 1 602.68 350.4 1 1
186.7 217.74 1 381.29 233.12 1 1
205.55 224.05 1 400.85 243.31 1 1
295.74 351.03 1 477.87 396.48 1 1
325.73 337.88 1 510.25 387.33 1 1
333.81 189.39 1 544.1 224.1 1 1
353.6 226.1 1 566.5 271.88 1 1
404.93 276.66 1 551.75 363.72 1 0
404.44 299.66 1 562.71 381.24 1 0
119.56 286.05 1 565.6 272.76 1 0
173.35 377.71 1 352.04 404.26 1 1
179.7 403.99 1 351.85 430.6 1 1
194.12 330.33 1 378.57 356.31 1 1
227.17 191.14 1 425.08 209.38 1 1
234.33 235.38 1 433.13 261.82 1 1
264.02 301.83 1 456.57 340.31 1 1
267.51 205.52 1 469.25 233.48 1 1
275.58 222.08 1 476.99 252.86 1 1
275.58 222.08 1 476.99 252.86 1 1
357.65 320.09 1 467.64 190.82 1 0
215.03 208.36 1 410.12 226.49 1 1
233.47 234.9 1 432.8 261.84 1 1
79.349 290.26 1 408.56 213.08 1 0
261.38 225.06 1 460.48 254.1 1 1
282.83 245.23 1 494.79 223.12 1 0
215.4 332.49 1 396.98 366.88 1 1
222.66 240.07 1 424.54 265.24 1 1
222.66 240.07 1 318.36 298.94 1 0
243.04 306.91 1 434.51 341.01 1 1
261.6 188.79 1 466.44 210.95 1 1
97.39 253.35 1 408.56 213.08 1 0
331.96 293.83 1 356.74 398.57 1 0
