6.1149 36.539 1 11.126 368.6 1 0
12.051 243.68 1 631.51 153.26 1 0
16.965 86.739 1 374.7 402.12 1 0
22.464 135.92 1 43.242 318.78 1 0
28.434 121.06 1 107.07 436.28 1 0
28.184 139.5 1 124.38 420.52 1 0
43.439 15.526 1 604.58 143.79 1 0
45.24 105.7 1 115.63 24.743 1 0
56.2 265.57 1 254.46 416.7 1 0
76.755 66.702 1 199.12 334.96 1 0
80.732 361.65 1 408.89 103.31 1 0
82.508 377.6 1 516.82 194 1 0
95.07 98.538 1 24.496 354.68 1 0
94.416 117.8 1 429.91 237.62 1 0
94.416 117.8 1 257.96 411.58 1 0
100.16 64.008 1 270.21 348.8 1 0
102.85 372.81 1 52.303 204.72 1 0
102.5 85.887 1 100.49 125.83 1 0
122.54 473.36 1 100.49 125.83 1 0
124.96 47.172 1 47.735 465.39 1 0
136.63 123.23 1 256.39 390.88 1 0
151.45 318.5 1 531.68 392.9 1 0
159.01 38.091 1 18.992 454.49 1 0
167.9 12.806 1 610.85 433.43 1 0
172.14 66.43 1 196.78 426.17 1 0
178.38 67.662 1 477.5 316.16 1 0
179.89 224.06 1 466.75 73.113 1 0
183.84 360.59 1 57.856 464.03 1 0
184.75 251.88 1 362.95 162.05 1 1
195.49 300.49 1 181.91 121.39 1 0
195.9 259.23 1 374.23 168.14 1 1
195.9 259.23 1 374.23 168.14 1 1
198.54 173.17 1 385.59 89.413 1 1
212.18 283.6 1 386.99 191.61 1 1
212.18 283.6 1 386.99 191.61 1 1
215.28 207.88 1 492.11 194.82 1 0
218 93.33 1 66.22 256.87 1 0
220.42 312.78 1 389.87 220.23 1 1
220.42 312.78 1 389.87 220.23 1 1
223.96 91.622 1 629.77 224.4 1 0
232.39 218.94 1 419.9 125.92 1 1
235.1 195.12 1 420.12 108.97 1 1
235.83 149.06 1 417.75 72.316 1 1
240.99 253.11 1 417.75 72.316 1 0
243.49 17.318 1 43.242 318.78 1 0
244.92 331.57 1 413.17 236.88 1 1
246.47 419.48 1 605.12 101.41 1 0
259.92 47.632 1 552.99 316.79 1 0
285.96 124.63 1 484.18 223.73 1 0
291.63 336.04 1 453.69 243.94 1 1
315.04 339.46 1 117.18 154.99 1 0
316.8 20.539 1 527.69 437.04 1 0
318.85 349.88 1 130.88 35.169 1 0
318.82 440.09 1 446.62 133.1 1 0
328.22 264.45 1 494.11 179.88 1 1
329.2 167.52 1 503.07 91.616 1 1
329.2 167.52 1 503.07 91.616 1 1
336.52 50.573 1 440.27 405.02 1 0
342.02 240.42 1 507.08 159.6 1 1
342.8 193.22 1 513.53 115.82 1 1
352.45 79.93 1 85.751 410.49 1 0
354.06 271.76 1 513.22 191.83 1 1
356.62 445.33 1 228.89 236.8 1 0
361.27 47.687 1 107.07 436.28 1 0
363.14 264.86 1 165.79 314.68 1 0
367.53 11.346 1 511.8 375.48 1 0
369.3 168.59 1 429.91 237.62 1 0
368.86 199.27 1 533.03 124.88 1 1
368.9 227.98 1 399.25 66.7 1 0
377.86 257.16 1 335.31 388.21 1 0
410.28 59.403 1 527.69 437.04 1 0
410.76 107.22 1 599.92 448.48 1 0
410.76 107.22 1 173.77 382.77 1 0
410.58 458.89 1 181.63 47.367 1 0
414.83 327.62 1 571.39 48.356 1 0
415.62 381.21 1 560.93 469.02 1 0
415.75 51.952 1 516.82 194 1 0
415.73 397.28 1 466.75 73.113 1 0
432.91 472.7 1 256.19 45.563 1 0
434.08 446.35 1 614.81 58.591 1 0
435.39 179.04 1 552.99 316.79 1 0
437.07 52.008 1 482.89 233.66 1 0
437.9 15.444 1 506.83 191.82 1 0
437.81 463.59 1 544.25 226.47 1 0
451.25 283.42 1 40.884 405.02 1 0
452.23 255.95 1 180.46 182.43 1 2
456.42 314.25 1 203.09 238.62 1 2
458.1 379.84 1 215.43 293.33 1 2
461.91 118.47 1 477.5 316.16 1 0
470.36 200.62 1 190.23 132.08 1 2
470.32 301.96 1 213.36 225.23 1 2
471.3 168.54 1 457.09 428.92 1 0
473.78 120.46 1 164.96 410.59 1 0
477.59 328.16 1 226.8 248.3 1 2
482.02 304.5 1 224.29 225.46 1 2
482.02 304.5 1 224.29 225.46 1 2
483.65 133.13 1 124.38 420.52 1 0
483.65 133.13 1 561.26 273.04 1 0
489.06 130.11 1 192.99 243.66 1 0
493.9 306.37 1 235.72 225.14 1 2
496 428.75 1 614.81 58.591 1 0
511.97 299.74 1 250.02 216.05 1 2
511.97 299.74 1 250.02 216.05 1 2
518.11 149.64 1 420.08 321.58 1 0
521.01 234.46 1 237.4 160.55 1 2
522.77 223 1 238.85 149.08 1 2
532.84 316.16 1 276.15 230.25 1 2
534.2 99.554 1 139.52 469 1 0
540.75 287.15 1 278.72 204.34 1 2
550.01 42.349 1 270.21 348.8 1 0
556.99 120.55 1 457.09 428.92 1 0
556.44 405.92 1 66.433 251.13 1 0
561.24 467.16 1 512.86 390.9 1 0
563.84 161.31 1 149.26 185.32 1 0
566.26 117.03 1 595.74 387.21 1 0
568.32 96.561 1 587.75 352.74 1 0
570.23 6.3683 1 583.36 388.43 1 0
589.03 337.41 1 535.3 49.158 1 0
600.34 295.11 1 350.14 344.07 1 0
604.1 388.07 1 601.95 235.91 1 0
612.25 375.64 1 91.05 432.91 1 0
626.1 150.41 1 411.98 317.86 1 0
626.92 305.07 1 99.128 401.8 1 0
626.92 305.07 1 257.96 411.58 1 0
627.93 437.79 1 392.38 172.85 1 0
632.99 137.09 1 610.82 36.047 1 0
636.07 314.92 1 412.44 329.77 1 0
636.07 314.92 1 518.34 106.89 1 0
179.4 184.15 1 369.92 96.858 1 1
197.15 294.56 1 368.06 204.91 1 1
213.22 264.4 1 392.4 172.97 1 1
217.27 143.56 1 399.25 66.7 1 1
217.23 291.27 1 391.41 200.06 1 1
222.19 189.2 1 408.89 103.31 1 1
241.08 309.38 1 413.59 214.73 1 1
263.9 164.15 1 443.91 85.827 1 1
290.21 145.69 1 466.75 73.113 1 1
326.05 206.14 1 501.26 122.75 1 1
329.94 167.43 1 503.07 91.616 1 1
342.41 194.1 1 513.53 115.82 1 1
407.99 295.56 1 162.33 236.38 1 2
429.14 417.88 1 199.12 334.96 1 2
436.21 201.32 1 161.89 139.84 1 2
436.39 343.18 1 169.33 197.98 1 0
443.62 316.72 1 192.99 243.66 1 2
443.62 316.72 1 192.99 243.66 1 2
446.26 252.57 1 174.58 181.49 1 2
469.73 190.66 1 189.92 125.79 1 2
472.79 308.77 1 217.41 230.93 1 2
480.8 310.82 1 224.22 231.79 1 2
483.25 303.92 1 224.29 225.46 1 2
483.25 303.92 1 226.96 223.24 1 2
483.75 317.25 1 228.89 236.8 1 2
485.31 310.07 1 224.22 231.79 1 2
485.31 310.07 1 224.22 231.79 1 2
487.43 247.53 1 210.26 170.03 1 2
501.73 298.27 1 241.32 216.5 1 2
559.54 358.94 1 302.79 259.06 1 2
573.15 375.74 1 319.16 273.94 1 2
183.91 252.23 1 362.95 162.05 1 1
182.78 282.61 1 493.92 83.008 1 0
190.75 251.62 1 369.9 160.43 1 1
221.28 189.22 1 408.89 103.31 1 1
233.86 154.89 1 415.58 76.963 1 1
234.47 295.62 1 406.06 196.38 1 1
262.26 137.75 1 439.66 64.985 1 1
270.66 349.51 1 435.51 250.48 1 1
287.58 185.6 1 473.19 104.91 1 1
289.55 152.9 1 465.17 78.325 1 1
294.87 187.08 1 473.19 104.91 1 1
338.91 153.62 1 509.75 81.771 1 1
347 217.35 1 513.88 137.47 1 1
350.07 266.4 1 510.5 185.57 1 1
399.58 289.87 1 155.27 232.09 1 2
408.74 296.19 1 162.33 236.38 1 2
426.43 356.89 1 183.78 281.58 1 2
438.69 257.65 1 169.6 186.47 1 2
444.75 250.7 1 172.46 178.07 1 2
483.11 291.47 1 222.73 214.15 1 2
508.29 306.68 1 248.76 223.76 1 2
520.42 235.87 1 237.4 160.55 1 2
532.81 317.56 1 276.15 230.25 1 2
545.6 328.05 1 288.42 237.82 1 2
554.18 212.97 1 322.74 259.3 1 0
179.85 192.02 1 370.19 104.1 1 1
231.72 189.02 1 416.91 103.86 1 1
234.15 227.6 1 421.42 135 1 1
261.43 205.89 1 443.15 118.61 1 1
265.95 116.75 1 440.51 48.245 1 1
266.55 302.25 1 441.16 204.98 1 1
268.31 328.62 1 438.32 230.73 1 1
274.88 285.33 1 442.88 78.471 1 0
289.37 223.96 1 470.72 134.22 1 1
320.38 167.41 1 495.09 91.051 1 1
346.2 185.3 1 518.34 106.89 1 1
350.53 265.44 1 510.5 185.57 1 1
436.56 256.99 1 169.6 186.47 1 2
444.69 338.7 1 197.56 262.7 1 2
456.95 297.25 1 199.3 222.73 1 2
467.48 315.9 1 213.32 238.49 1 2
474.71 308.52 1 217.41 230.93 1 2
483.1 291.62 1 222.73 214.15 1 2
482.11 390.06 1 238.09 300.03 1 2
489.6 299.03 1 230.2 219.52 1 2
489.6 299.03 1 230.2 219.52 1 2
510.06 288.48 1 246.74 206.38 1 2
524.46 303.27 1 267.48 220.95 1 2
199.14 242.37 1 381.26 150.67 1 1
203.45 269.01 1 380.47 178.62 1 1
227.99 209.53 1 417.72 118.48 1 1
225.72 262.04 1 407.07 169.78 1 1
254.04 281.8 1 430.67 183.82 1 1
318.18 203.99 1 494.66 120.26 1 1
320.2 265.8 1 487.67 180.1 1 1
420.55 213.39 1 150.26 153.53 1 2
441.9 243.98 1 168.5 172.29 1 2
468.2 275.47 1 200.19 198.6 1 2
468.2 275.47 1 200.19 198.6 1 2
539.5 310.48 1 284.55 227.57 1 2
237.22 170.76 1 420.35 89.818 1 1
262.36 187.16 1 443.71 103.51 1 1
264.03 154.7 1 442.88 78.471 1 1
280.34 309.42 1 451.38 214.52 1 1
291.63 169.44 1 469.54 91.537 1 1
294.44 203.66 1 474.67 118.6 1 1
307.87 257.36 1 479.92 169.17 1 1
316.97 185.45 1 491.88 104.45 1 1
333.67 235.36 1 503.16 154.01 1 1
334.86 207.98 1 506.84 125.91 1 1
423.53 339.89 1 181.11 268.26 1 2
436.12 271.6 1 169.33 197.98 1 2
439.7 238.35 1 168.5 172.29 1 2
462.35 368.36 1 212.67 284.47 1 2
500.89 207.71 1 219.64 135.99 1 2
523.23 357.74 1 270.67 265.54 1 2
546.3 362.49 1 291.29 263.28 1 2
189.05 279.93 1 361.37 190.09 1 1
207 190.57 1 394.31 103.73 1 1
440.66 326.13 1 169.33 197.98 1 0
441.97 378.83 1 200.85 295.98 1 2
471.94 225.98 1 193.92 153.62 1 2
531.81 287.39 1 271.47 206.12 1 2
563.27 349.66 1 304.54 249.61 1 2
204.8 163.39 1 399.24 78.715 1 1
262.32 225.35 1 446.62 133.1 1 1
209.05 161.87 1 399.24 78.715 1 1
468.8 336.96 1 218.3 256.14 1 2
419.36 399.4 1 188.59 321 1 2
271.47 161.02 1 435.51 250.48 1 0
