21.529 321.13 1 342.83 437.93 1 0
53.318 174.54 1 138.71 418.87 1 0
68.454 213.86 1 485.94 315.89 1 0
103.84 7.8414 1 111.45 103.05 1 0
108.15 26.489 1 497.14 221.16 1 0
124.84 5.9063 1 346.38 451.89 1 0
138.72 158.94 1 262.97 467 1 0
138.59 166.73 1 478.73 320.07 1 0
140.08 98.928 1 100.29 324.85 1 0
150 143.78 1 418.27 417.01 1 0
149.77 373.82 1 64.647 254.55 1 1
157.78 281.08 1 263.53 399.15 1 0
162.02 193.1 1 120.36 29.04 1 0
163.27 288.54 1 544.07 361.81 1 0
167.93 397.77 1 74.996 272.73 1 1
175.33 153.93 1 556.67 14.746 1 0
175.49 311.57 1 520.51 22.062 1 0
184.43 280.83 1 133.5 468.51 1 0
185.46 405.12 1 90.08 279.98 1 1
208.46 349.86 1 404.2 470.22 1 0
207.89 371.53 1 105.4 245.1 1 1
212.17 275.18 1 337.18 439.39 1 0
215.02 256.69 1 403.11 344.79 1 0
215.02 256.69 1 544.07 361.81 1 0
217.17 207.06 1 329.96 33.537 1 0
218.85 467.8 1 599.62 418.86 1 0
225.01 175.19 1 334.29 383.9 1 0
248.79 390.59 1 19.571 190.15 1 0
251.36 395.74 1 145.86 271.09 1 1
284.6 108.25 1 485.94 315.89 1 0
292.92 436.02 1 544.07 361.81 1 0
295.86 340.54 1 186.24 226.08 1 1
315.29 315.49 1 588.21 27.693 1 0
318.98 79.828 1 118.89 359.28 1 0
333.96 423.15 1 588.21 27.693 1 0
346.5 80.426 1 302.03 234.11 1 0
346.5 80.426 1 138.71 418.87 1 0
355.02 121.43 1 537.9 424.86 1 0
358.2 172.97 1 17.354 98.01 1 0
362.87 291.4 1 442.03 151.18 1 2
363.12 321.34 1 441 178.91 1 2
365.39 114.59 1 314.27 346.66 1 0
380.7 462.71 1 57.602 128.34 1 0
382.05 166.16 1 39.868 97.732 1 0
392.68 208.92 1 482.26 225.04 1 0
403.27 128.3 1 110.84 325.97 1 0
408.19 286.72 1 368.83 369.82 1 0
409.43 373.51 1 504.46 115.15 1 0
412.95 329.31 1 483.32 178.2 1 2
426.1 324.49 1 495.9 172.13 1 2
427.36 304.45 1 497.36 155.05 1 2
439.08 394.56 1 504.46 115.15 1 0
449.57 233.99 1 460.13 135.91 1 0
461.25 309.77 1 525.33 154.91 1 2
475.53 77.984 1 115.64 135.9 1 0
478.29 228.83 1 538 96.749 1 2
482.08 439.11 1 93.127 310.59 1 0
484.58 77.984 1 175.97 129.75 1 0
485.96 387.78 1 505.95 103.34 1 0
490.96 177.02 1 576.63 227.66 1 0
497.27 84.38 1 113.07 144.25 1 0
504.29 379.98 1 557.3 220.81 1 2
509.07 421.94 1 218.62 39.879 1 0
510.67 279.87 1 564.83 129.5 1 2
510.67 279.87 1 564.83 129.5 1 2
522.25 40.033 1 502.67 444.48 1 0
525.7 353.97 1 574.7 202.1 1 2
528.32 379.61 1 576.63 227.66 1 2
537.14 358.66 1 584.68 208.1 1 2
538.06 346.02 1 585.85 196.45 1 2
541.18 328.31 1 588.86 180.09 1 2
548.65 423.28 1 291.11 207.34 1 0
555.67 303.1 1 599.77 161.01 1 2
565.66 308.38 1 608.63 167.45 1 2
567.98 34.813 1 557.81 340.44 1 0
576.12 158.85 1 425.92 368.37 1 0
576.12 158.85 1 425.92 368.37 1 0
581 281.49 1 56.813 71.037 1 0
581.78 454.61 1 246.84 310.43 1 0
590.84 186.44 1 464.44 444.88 1 0
590.92 225.88 1 527.1 237.5 1 0
598.92 90.19 1 39.764 444.29 1 0
600.71 205.17 1 382.06 287.52 1 0
600.71 205.17 1 138.71 418.87 1 0
600.71 205.17 1 382.06 287.52 1 0
602.03 35.895 1 219.29 69.058 1 0
604.55 103.35 1 487.78 449.17 1 0
603.94 286.54 1 100.29 324.85 1 0
606.49 396.35 1 284.82 413.15 1 0
636.42 403.23 1 252.1 101.54 1 0
154.15 348.38 1 62.15 228.2 1 1
154.15 348.38 1 62.15 228.2 1 1
156.32 403.6 1 65.038 279.19 1 1
155.65 377.34 1 64.647 254.55 1 1
160.97 301.4 1 68.289 188.57 1 1
177.78 282.98 1 85.013 175.9 1 1
180.03 327.41 1 82.319 208.48 1 1
180.03 327.41 1 82.319 208.48 1 1
185.22 320.29 1 87.335 203.37 1 1
235.59 361.98 1 130.33 242.05 1 1
237.3 295.8 1 133.56 183.99 1 1
250.49 287.68 1 143.88 177.84 1 1
255.19 303.24 1 152.32 194.42 1 1
272.86 276.85 1 166.43 171.12 1 1
282.19 282.68 1 174.24 175.77 1 1
302.81 314.11 1 191.89 203.91 1 1
380.59 310.09 1 455.98 165.07 1 2
383.42 278.86 1 460.13 135.91 1 2
394.15 317.62 1 468.01 170.53 1 2
395.18 304.09 1 469.26 158.56 1 2
410.98 345.92 1 480.93 194.33 1 2
414.95 297.99 1 486.65 149.2 1 2
434.2 259.56 1 504.46 115.15 1 2
437.86 241.22 1 505.95 103.34 1 2
439.73 379.32 1 504.67 220.13 1 2
444 349.3 1 509.68 192.1 1 2
449.95 284.27 1 516.88 132.23 1 2
456.15 271.81 1 522.26 123.15 1 2
481.89 189.21 1 497.36 155.05 1 0
484.69 400.9 1 558.08 76.148 1 0
503.13 198.48 1 558.08 76.148 1 2
508.17 350.86 1 561.4 193.02 1 2
507.82 373.4 1 561.11 215.8 1 2
513.86 341.6 1 567.17 186.73 1 2
519.01 309.53 1 572.36 157.06 1 2
539.09 321.73 1 587.19 174.07 1 2
559.14 284.92 1 505.95 103.34 1 0
564.03 277.2 1 606.71 137.84 1 2
135.94 335.31 1 47.472 219 1 1
148.17 356.91 1 199.15 200.84 1 0
150.44 382.46 1 61.384 260.16 1 1
198.4 308.65 1 100.41 194.84 1 1
205.49 341.42 1 103.61 219.92 1 1
225.75 377.97 1 120.29 252.74 1 1
226.49 258.94 1 128.29 157.18 1 1
226.79 292.48 1 124.73 182.25 1 1
228.93 270.39 1 129.31 166.24 1 1
228.93 270.39 1 206.14 208.32 1 0
244.4 304.33 1 139.17 191.62 1 1
245.72 284.16 1 143.88 177.84 1 1
255.18 222.78 1 155.92 130.03 1 1
256.62 291.55 1 152.35 183.48 1 1
277.75 254.45 1 172.24 154.28 1 1
283.64 366.56 1 175.76 248.51 1 1
364.89 226.91 1 446.19 93.394 1 2
385.1 358.94 1 457.8 210.72 1 2
390.09 232.87 1 467.55 96.897 1 2
413.91 378.78 1 482.26 225.04 1 2
437.09 241.31 1 505.95 103.34 1 2
442.09 206.13 1 507.71 80.462 1 2
445.84 375.02 1 510.24 216.13 1 2
465.81 166.61 1 526.53 55.102 1 2
474.35 223.43 1 534.67 92.643 1 2
474.56 189.16 1 534.66 69.246 1 2
492.56 299.23 1 551.86 141.97 1 2
502.57 205.95 1 556.85 81.434 1 2
514.33 317.7 1 567.24 163.31 1 2
515.56 240.41 1 568.56 104.07 1 2
515.56 240.41 1 568.56 104.07 1 2
525.5 343.06 1 532.19 102.59 1 0
530.06 358.88 1 581.17 202.74 1 2
534.18 329.84 1 582.47 179.99 1 2
553.92 340.14 1 597.73 195.12 1 2
558.07 332.45 1 602.07 188.94 1 2
131.83 357.23 1 44.422 238.38 1 1
155.51 332.33 1 62.643 213.35 1 1
167.53 268.58 1 79.288 167.88 1 1
177.05 332.12 1 79.42 213.2 1 1
204.3 239.22 1 113.07 144.25 1 1
206.07 302.32 1 106.48 189.84 1 1
213.31 367.88 1 109.61 242.62 1 1
223.62 379.28 1 120.29 252.74 1 1
226.11 406.24 1 120.06 281.26 1 1
230.55 338.36 1 127.53 221.09 1 1
256.95 291.61 1 152.35 183.48 1 1
265.46 347.46 1 124.73 182.25 1 0
274.61 313.81 1 167.58 203.51 1 1
279.53 340.88 1 169.95 225.51 1 1
279.53 340.88 1 169.95 225.51 1 1
292.17 358.98 1 184.3 241.81 1 1
379.97 280.57 1 535.92 81.707 1 0
388.89 308.6 1 463.36 162.31 1 2
390.41 277.56 1 465.92 133.88 1 2
416.46 355.96 1 485.52 203.05 1 2
445.68 375.68 1 510.24 216.13 1 2
451 345.65 1 515.74 188.4 1 2
451 345.65 1 515.74 188.4 1 2
466.55 167.12 1 526.53 55.102 1 2
474.37 418.6 1 532.57 252.45 1 2
478.17 395.4 1 537.52 229.91 1 2
502.69 206.14 1 556.85 81.434 1 2
509.09 240.73 1 562.85 104.38 1 2
533.01 352.6 1 581.17 202.74 1 2
563.81 341.26 1 606.93 197.59 1 2
569.92 241.52 1 612.39 106.87 1 2
133.47 296.65 1 223.44 190.27 1 0
202.83 345.39 1 101.03 222.87 1 1
217.67 342.16 1 113.45 218.64 1 1
241.6 380.6 1 134.72 254.56 1 1
261.9 331.4 1 152.92 214.34 1 1
261.9 331.4 1 152.92 214.34 1 1
287.51 308.25 1 178.1 197.79 1 1
391.14 242.93 1 468.01 104.04 1 2
439.13 354.84 1 502.65 197.21 1 2
445.11 400.16 1 509.26 239.84 1 2
458.58 281.65 1 523.74 130.81 1 2
482.59 365.2 1 542.12 201.53 1 2
488.3 332.13 1 547.12 171.13 1 2
498.51 340.62 1 555.2 179.62 1 2
519.75 352.21 1 570.89 198.19 1 2
544.16 259.98 1 592.01 118.39 1 2
551.6 298.17 1 597.23 153.91 1 2
556.99 265.74 1 601.91 126.1 1 2
195.44 311.46 1 97.586 197.68 1 1
391.52 225.89 1 468.35 92.677 1 2
404.46 298.36 1 476.96 151.35 1 2
450.38 222.74 1 517.05 92.284 1 2
453.14 260.48 1 518.14 115.84 1 2
461.11 369.69 1 523.79 209.6 1 2
469.27 340.2 1 531.79 181.5 1 2
473.88 417.09 1 532.57 252.45 1 2
475.13 206.49 1 535.92 81.707 1 2
481.53 240.82 1 539.47 103.02 1 2
493.48 374.76 1 549.81 213.29 1 2
508.89 223.24 1 563.17 92.987 1 2
526.51 318.55 1 577.08 167.93 1 2
536.82 239.18 1 585.82 103.4 1 2
176.41 268.87 1 85.308 167.13 1 1
244.72 384.35 1 139.59 260.15 1 1
420.47 241.97 1 491.94 103.44 1 2
437.46 320.94 1 504.62 167.98 1 2
169.72 320.99 1 79.42 213.2 1 1
210.45 269.54 1 113.89 168.86 1 1
489.36 279.59 1 548.72 128.88 1 2
521.9 290.8 1 577.09 140.1 1 2
565.52 312.45 1 599.82 84.967 1 0
575.83 245.34 1 619.71 108.36 1 2
376.68 344.88 1 450.74 197.43 1 2
423.84 206.38 1 494.9 79.681 1 2
467 400.13 1 527.1 237.5 1 2
489.19 322.79 1 550.32 166.15 1 2
154.13 342.68 1 68.849 228.55 1 1
