1886
454 282 -10.0620402971 -11.0743609872 12.9540957253
450 282 -7.48291134217 -12.2084673241 11.1988175632
454 278 -9.65664505665 -13.5787246447 14.837656793
450 278 -7.65233275549 -14.2374224402 13.7282017732
458 282 -12.7036788164 -9.85104406144 14.9346296525
446 282 -5.50340946938 -12.7708238468 10.5832495089
458 278 -11.3677279352 -13.4720836494 16.752044847
450 286 -8.47648858385 -10.330006146 7.88448899889
446 278 -5.57381612402 -14.6935793843 13.1589574845
454 286 -11.90461711 -8.54574578612 9.73190664667
474 306 -18.8755929753 6.31667077212 19.105568736
446 286 -5.48208474058 -12.00137766 7.12785083628
442 282 -3.77633547339 -13.6258229717 10.7823173271
474 310 -18.0034400843 9.8729711894 19.7055950591
474 302 -19.2317915712 3.64428804327 18.390099439
446 350 8.27543597196 24.6183629769 -1.07443846863
442 278 -3.70097329186 -15.5630696081 13.2883786343
426 338 19.818707978 15.5593661497 8.03562120466
446 346 6.78436145737 24.6422361549 4.47548982535
442 346 9.58175978644 24.0190197941 3.02359152333
426 334 19.3637930815 14.7956773536 13.6875614033
470 306 -16.0584061169 5.96300870677 17.1494151893
442 350 10.8834627172 23.5381568319 -2.68972594427
442 286 -3.92532470798 -12.5837811629 7.96034326285
422 338 21.6409576175 13.1309714004 5.41769216932
450 350 5.69053445984 24.8306280558 -0.78447454899
450 274 -7.77820175035 -16.2323447467 17.5941512734
462 282 -14.8155975384 -8.78747694297 16.3179517964
458 286 -13.9470087139 -7.22296852072 12.0754294482
430 338 16.6760231361 18.474191124 10.1294088168
454 274 -9.68961700877 -16.0138636172 18.7386086926
450 346 4.81175200972 24.6048801958 5.13222424461
462 278 -13.6464875874 -12.5169051477 19.2190865854
478 306 -21.06388376 8.18670127595 17.312058002
422 334 21.8733061948 12.2739348566 11.125818428
442 342 9.09131473505 23.5719794802 8.49042994565
430 342 17.0928587595 19.0778547637 3.75938052002
438 342 11.6619088535 22.5165040825 6.3796463626
478 302 -21.8584060663 4.91893294559 18.2237817402
426 342 19.7807868973 16.2067387696 2.23404763421
434 338 13.6134759347 21.1379270104 12.14694491
446 342 6.90492350401 24.031564175 9.53901807572
430 334 16.6870546286 17.2421285874 15.8958192664
434 342 13.9850161438 21.3784523315 5.23138591046
458 274 -10.8100227714 -15.9898522155 20.891195182
446 274 -5.46998950709 -16.8337076513 17.0304260813
438 346 11.6957654992 22.8846761114 1.59861646005
438 338 11.4212714794 22.2936220724 14.230302924
478 310 -19.6897493171 11.5663175451 16.4803503373
470 302 -17.3315774966 3.19008209009 16.5709836724
454 346 2.77650391672 24.538862616 4.47527057621
450 290 -9.70532000811 -8.50074210622 5.4091797204
470 310 -15.3792526492 8.81373063354 17.6616821268
446 290 -6.6813402929 -10.4269290338 5.04249849272
442 338 8.86713526956 23.1632487896 15.2360070333
474 298 -20.0095302346 0.566498821779 17.9968395052
450 342 5.17868972149 23.9897420555 10.2021190458
422 330 21.8834492426 11.4285851243 17.3765668692
434 334 13.742045605 19.7343165959 17.7311621036
438 282 -1.69913129309 -14.457771262 11.8097882211
422 342 21.4722683042 13.6875915302 0.0156904343069
426 330 19.5575774011 13.2690019138 19.0839625718
454 350 3.06551590657 24.9037004623 -1.50734033558
414 290 16.9783199621 -7.92085671574 20.7278667027
438 334 10.7869653447 21.6984802685 18.6934604347
438 350 12.7031112017 22.2692992949 -4.14839737939
438 286 -2.09465104986 -13.0700460561 9.81382414353
410 290 19.6738251554 -8.35893793009 21.8207592995
414 286 15.9844324239 -10.874570083 22.0412468747
446 338 7.26067881606 23.4188367345 15.4661547933
474 314 -15.9731278337 14.3241342756 20.1069807593
446 354 8.80418717765 24.1514650051 -5.54642561382
454 342 3.28773461872 23.840099664 9.99016341344
434 346 14.053381632 21.3489284581 0.498959933299
442 274 -2.70789542015 -17.2328829767 17.1076101477
430 330 16.9959530701 15.5493781721 20.8659251827
442 290 -3.99909473563 -11.8826671111 5.05616297638
462 274 -12.4828802494 -15.3939369202 23.2834459431
438 278 -0.800445103776 -16.125104785 14.408069524
458 346 0.443024268973 24.9371314455 2.53408313755
442 334 8.70780428643 22.5330449034 19.3771402952
466 278 -15.5332112738 -11.4948256448 22.1640354502
450 338 5.4045503283 23.4811475469 15.3974465548
450 354 6.0334276185 24.8388079219 -4.86543641206
478 298 -22.3379686648 1.91676521154 19.3251556558
466 282 -16.1071424915 -8.38478832944 18.4984280466
430 346 17.3194409457 18.834676077 -0.570001714516
478 314 -18.2741566986 14.667676547 14.059714459
422 326 22.0254068133 10.1267573048 22.3621034842
410 286 18.2581915294 -10.7428516851 22.6106060296
454 290 -12.6841523748 -6.7737826287 8.0243153671
470 298 -18.4024749382 -0.193256179185 15.2929325372
442 354 11.3829566522 22.9170680897 -6.79609434162
434 330 13.870201061 18.3626515956 21.8742769335
458 342 0.581523115122 24.1316489769 8.52644230995
474 318 -14.4858243568 17.2160611407 19.0724864462
426 346 19.2759962917 16.2833802189 -1.7290164755
426 326 19.344913372 12.1551004377 23.7283697347
418 330 23.8197847534 9.43781962803 14.9533921227
414 282 15.4773401671 -13.7742007744 24.4962647607
454 338 3.35923203926 23.5738281805 15.0782420164
466 306 -14.3539150661 5.09282420791 15.3976501645
446 334 7.14951117857 22.8736182536 19.031575905
462 286 -15.3688730928 -6.46023381074 13.046776571
438 290 -2.11173998306 -12.3464377989 6.26116110986
418 334 23.6270411734 9.75281957868 7.98168036678
438 330 10.5360857056 20.571369032 22.2091952518
430 326 16.5685251464 14.337002612 23.6146044112
442 330 8.22834597573 21.5262574709 22.5242645851
470 314 -13.8411894607 13.3965941156 19.0659098966
478 318 -17.3164137412 18.1365958757 9.88705304356
446 330 6.34684842031 21.9596644434 20.7825938595
458 338 0.979357609308 23.9144275492 14.6086075933
450 334 5.51060724069 23.0382285616 19.1303878823
434 350 14.8340670929 20.6099665066 -5.51721552333
474 322 -13.5768373834 19.8953462328 15.4703247799
466 302 -15.9483992586 1.40349017462 14.7730082012
446 294 -6.49397418102 -9.00566726496 1.97452207941
410 294 20.9387632103 -5.53892231535 21.5175487627
418 290 13.8199119909 -7.60632825496 17.5997196388
418 286 13.6397525224 -10.6366105651 20.3676524287
418 338 23.0473187068 10.3935710135 1.95677518667
450 270 -6.40720665309 -18.878217153 21.2681483701
418 326 24.741076558 8.09094235562 20.0651829359
434 326 12.1745782044 16.3711003409 20.1668534779
458 350 0.406291712901 25.4796325554 -3.98214270284
454 270 -8.50611069696 -18.6306323668 22.6741576657
462 346 -1.70578516252 24.8909094261 -1.37699672467
450 330 4.6572139792 22.2228691275 20.3597094578
474 294 -20.6532055309 -2.97475008209 18.5461712448
418 282 13.3084448145 -13.5412518303 22.611795003
422 346 20.6799872701 14.0145134995 -3.71906594297
454 334 3.35581008757 23.3870848111 19.0692867562
414 294 18.2410941063 -4.86957915241 20.2218524762
438 274 0.903764757442 -18.2542080458 17.5402762287
462 342 -1.94787367446 24.1856189555 5.37701729177
458 334 0.555689183787 23.7577660631 18.9954081236
446 270 -3.75126217305 -19.1970359031 20.9780293388
450 294 -9.86280018059 -7.49889558931 3.8920083788
454 354 3.01060093645 25.1914170783 -5.88259004427
462 338 -1.90826867719 23.8475912543 12.8304221732
466 310 -12.544402226 7.80625165306 14.151666984
442 294 -3.93927305866 -10.1035468958 0.768725786835
478 322 -17.0178818968 18.8338888975 4.20775481341
474 326 -13.7970478698 20.8788327933 10.1562065841
438 326 9.286356268 17.3476356424 17.3816456783
454 330 2.59488237357 22.44140605 20.3287259471
442 270 -0.35086776678 -19.9525077124 20.5843245264
438 354 13.6412749558 21.7280832382 -8.91204276823
418 294 14.4858152251 -4.91287829696 15.8967469447
434 286 0.664247624505 -13.5109880058 11.1356144679
478 294 -22.5368538644 -1.0304824088 20.6977478104
458 330 -0.0158211538821 22.7840130053 20.7004392658
462 334 -2.05819068082 23.6771219294 17.4878621708
430 350 16.7711234893 18.7478397164 -6.39810304268
442 326 6.94778601612 18.1536395216 15.0897983885
434 282 1.42853284528 -15.2172883498 13.7738287112
422 322 22.2478968115 8.40754088224 24.9066756443
418 342 22.9672268589 10.572945253 -2.73165664756
466 298 -16.4648323142 -1.09181919662 12.392771128
470 294 -18.4786124271 -3.87958964436 14.300508188
470 318 -12.7729629628 16.747954501 19.9391997574
426 322 18.1280092072 10.0890950214 22.4787773278
470 282 -17.4971733361 -8.7711514663 21.1457898872
418 322 25.0233209654 6.53399596476 23.4587876587
418 278 13.592243826 -15.6598770365 24.9513233844
406 294 22.9481777414 -5.07256146715 20.5683265721
438 294 -1.91347448824 -10.5204205315 2.07691686833
462 330 -2.33032048725 23.0465555189 20.4292697151
434 290 -0.657478153047 -11.9983974033 7.45545419478
426 350 18.0760034511 16.7769138384 -7.4619539654
458 290 -14.6073710181 -5.73001957245 10.1831483189
434 278 2.24165290959 -16.9970408459 16.3834424851
430 322 13.4684362139 11.8159879389 16.19835532
462 350 -1.2065826346 25.5733580916 -8.93226919478
422 290 10.6858514592 -8.43983312421 13.7816275178
422 294 11.5262728181 -5.54894625396 11.5421068681
470 278 -17.7606775789 -11.7805416141 24.0789232212
458 270 -9.43049309772 -18.8536657793 24.880324922
446 326 5.55681122064 18.9834069542 14.5080416229
466 274 -14.8510607879 -15.2459138051 25.1372294302
438 270 2.82972403615 -20.0712238137 21.2680706364
466 286 -16.7290264134 -6.42960532312 14.3596996949
474 330 -13.6113899047 21.481176013 4.21267406149
478 326 -17.1140109327 19.0704922585 -3.53930292368
462 306 -13.0204094552 2.84318641582 10.343614693
422 286 10.932460863 -10.6779387281 16.8639711969
466 314 -11.4594849273 11.7110546412 16.1225006754
466 346 -3.61632490244 25.348671439 -9.17123965099
434 354 15.2244995004 20.1029745634 -11.0695208665
454 294 -12.4455430611 -6.23741555412 5.9471084106
466 342 -3.66084635343 24.3741891698 -0.956882077855
462 302 -14.6226418099 0.155259382693 11.0033482164
422 282 11.1859215165 -13.3615926515 19.6967811838
414 330 25.9268161234 6.57740174293 10.7201797747
418 346 22.1962539266 11.7700767537 -6.69323458118
422 350 19.3361149597 14.7403918802 -9.28345912927
414 326 25.9787809438 6.27423153202 15.6704755603
478 290 -22.7098177445 -3.6229988934 21.334500824
418 298 14.9105068828 -2.2167360539 13.8063029017
462 326 -2.5200722879 21.6774101491 21.1717971535
466 338 -4.08917867986 23.9588740669 7.6956268526
474 334 -13.1275756209 21.8854065629 -4.72403800145
450 326 4.37807791401 19.9270463861 14.7359802397
458 326 -0.710716023895 21.0854877863 18.9331635716
446 298 -7.18997897357 -7.14855788364 -1.19388079309
410 298 21.2459470218 -2.58931523226 21.8043509089
422 298 12.5584740462 -2.56714687964 8.28480268792
462 310 -11.1789381311 5.69055268791 7.57851505036
434 322 6.3382310967 11.7381073157 6.24144724945
406 290 20.8269015048 -7.91233748433 20.8976080014
466 294 -16.749898583 -3.74975613779 11.0956277675
458 354 0.500545250964 25.6739851188 -9.02082086768
422 318 20.5690472076 6.72548233135 21.7693925877
442 298 -4.14494616392 -7.95908913629 -3.03455503762
446 358 9.60120149536 23.419693957 -6.49708292602
414 334 25.2411408183 7.3252189137 3.71076826872
454 326 1.75800426134 20.522457915 15.7988833956
414 278 15.8669110587 -15.0356412485 24.5616862061
462 298 -16.1435728509 -2.41240935631 11.7980742212
414 322 25.847861457 5.4846820923 20.011242098
422 278 11.2028483386 -15.3291882367 22.000467321
474 290 -20.7641660997 -5.41733758531 19.3575367794
418 318 23.6036217579 5.51375758047 24.3485006496
434 294 -1.01466267563 -10.1360645913 3.64698603028
414 298 18.5457908598 -2.07547290009 18.7846516129
406 298 24.6489539049 -1.2528435786 20.4473415544
298 358 -23.9443654055 1.93252274097 -20.5463698643
298 362 -23.9476595695 3.85615936498 -21.0589277995
466 334 -4.3738029117 23.6400448885 13.6520624705
302 362 -22.3860955394 3.68054082303 -19.5339013113
450 358 6.45648408916 24.4496587463 -6.45887113211
302 358 -21.5143878058 2.01534278584 -17.8222731936
470 322 -11.6977178759 19.4892034119 19.8667274548
434 274 4.58803936713 -18.5724979287 19.1024748479
442 358 12.1760043646 22.3320142611 -8.06132420742
298 354 -23.4503959922 -0.257211946966 -19.7217195884
470 326 -10.9803875789 21.3554968461 17.5331054535
302 354 -20.6734413082 -0.113927414747 -16.0659914677
450 298 -10.1732915287 -6.09048209973 1.33737596753
438 322 3.22112034823 10.1861405168 -2.38687073053
426 318 15.3833094199 7.84173518505 13.7757023309
310 326 -12.0784991915 -20.417557884 -23.5807289222
306 358 -18.8396173362 1.3223627668 -16.2780602521
430 354 16.1693120192 18.0203625862 -13.2358161103
474 338 -12.5048140575 21.8147578463 -11.4643840915
310 330 -13.6798086474 -17.0519965286 -22.4328442772
306 330 -16.0308246012 -17.805781446 -23.1636748331
298 366 -23.6942503942 6.57095068898 -20.9178617789
422 274 11.0060711531 -18.9976096132 26.3183971472
462 314 -9.9186891311 8.75811351089 9.14498100729
314 326 -9.89858841972 -19.2313109367 -23.026619118
318 322 -6.63099033518 -21.9773691399 -23.2351301994
318 326 -7.53360416127 -17.9316500938 -22.2725558861
302 366 -21.8220147162 7.2247220491 -20.5707721061
414 338 24.6832461295 7.4321333955 -2.87358577132
482 310 -22.1721712977 9.76801314249 1.66411833338
322 322 -5.0786472456 -21.6078518448 -23.4616782882
470 286 -17.757167067 -7.1252349809 16.6480703971
414 318 25.3590871395 4.9554438205 22.018764889
474 282 -19.1058692338 -10.4920241132 21.6854564821
438 298 -2.69250066638 -8.0308082421 -4.00567451161
466 318 -11.5773029972 15.8353446054 18.5328075185
306 362 -19.1500925606 3.54322105231 -17.5445456115
322 326 -4.67772638094 -17.7134851047 -22.1203268196
326 322 -3.76287851108 -21.2927577214 -23.0917780502
306 354 -18.3723490473 -0.630801124135 -15.1757953291
466 330 -4.32697934479 23.5128977357 18.9234777554
462 290 -15.7696940141 -5.12707908903 10.7427536219
418 350 20.2162295565 13.2614614087 -12.7431542837
306 334 -17.4446461391 -14.7333415882 -21.2124132171
310 358 -16.6053378177 0.982782915121 -15.5561890042
314 330 -11.0720528491 -15.9504654934 -22.5633120565
306 326 -13.1687310701 -20.6744842548 -22.931178724
414 342 23.9677723691 8.91710362563 -8.53180926158
326 326 -3.45580519254 -17.8380860677 -22.0950272585
302 330 -16.1606094339 -18.3531256372 -23.0412455569
358 362 13.1242946881 7.04802556236 -17.7052347103
478 330 -17.0548122857 18.8842148838 -9.56596658165
310 334 -14.6489481663 -14.383051078 -20.2110969555
314 322 -7.966996567 -22.189914048 -23.1321426906
294 358 -24.8788846621 2.70752048245 -19.6039514038
310 354 -16.5221865897 -1.25047880405 -14.9931658193
302 334 -18.0098454964 -15.7744686373 -22.1863963471
442 322 2.14738517494 9.02764612555 -5.18689033566
470 330 -10.6042895852 22.1126079244 13.086565248
294 354 -24.667978483 0.417544682941 -19.9420991308
422 302 13.0908019837 -0.800236863622 5.71394083813
426 290 8.56733606199 -9.06135325245 11.3591277743
426 294 9.04726404526 -5.76885190206 7.67385458431
298 350 -22.691250008 -3.5749898036 -19.1458336092
426 354 16.7968228183 16.4578817158 -16.3031399594
294 362 -24.9892039965 4.29544007701 -18.6886892713
482 314 -20.5395418006 13.1438909564 -2.60496727282
418 314 21.8504057614 4.45440404033 20.4113578933
358 366 14.2878824587 11.0870261938 -19.2012770217
350 366 9.7020803815 9.18189066751 -20.0315179908
414 314 24.5812286743 4.47359666558 22.3701241171
314 334 -12.2645825229 -13.8341175091 -20.2775287778
354 366 11.9171193568 10.1245724455 -19.6101627825
438 358 14.2636996607 20.7609543143 -11.855298666
310 362 -16.1878079768 4.46978446443 -16.5826365359
354 362 10.9746717452 5.72467941154 -17.5147079056
362 362 14.7689414269 8.72784721701 -17.5537411899
314 358 -14.3831409424 1.28959503181 -15.1640937543
306 366 -18.6304862436 8.40076824514 -18.744985562
418 274 13.6515703873 -18.1089043528 25.9391592993
426 282 8.65292679383 -13.1570657704 15.7654128349
362 366 16.2193029035 12.3376822365 -19.2665272296
410 322 26.0651928561 4.69677563344 14.9236463982
458 302 -13.5386072045 -0.980513933995 7.47545749606
330 322 -1.4683848875 -20.823927052 -23.6204647521
458 306 -12.1267386646 0.858845577723 4.82970574023
410 282 17.4994712708 -13.062487614 22.8346130776
426 286 8.44120440844 -11.195780937 13.7083354037
298 370 -23.4426478301 9.36810979881 -20.4465451567
318 330 -7.37082134945 -14.7186492144 -22.4596291083
426 298 10.0670933914 -3.59480642481 3.28613816178
346 366 6.82043071542 8.23400380403 -19.4263251578
314 354 -14.2714462971 -1.11860762022 -14.7014232302
326 330 -3.53337792773 -14.7768974769 -21.8175052598
470 290 -18.517721835 -5.94260380905 13.6850562114
430 318 7.01137034683 7.55087067877 2.62164957699
358 326 19.1527875807 -15.0374554097 -26.1041628823
518 298 9.62740662381 20.9329497103 23.3983748084
322 330 -4.71988445016 -14.7479138911 -22.6092915727
294 350 -24.3929609909 -2.19923200888 -19.9082089758
358 322 18.1280118541 -16.4749664248 -25.8792320076
354 322 16.601635895 -16.7186110705 -25.7599634656
306 338 -18.275129981 -11.8768023769 -19.8811629724
350 394 6.22576461623 24.7219415415 -8.94304293077
302 350 -19.9926083676 -3.94427706368 -16.1995047103
342 366 4.32340023251 7.21845291075 -19.0110707648
302 370 -21.3264524366 10.6188055844 -21.2248727441
414 346 23.7700984589 10.1694602368 -11.8314150806
338 366 1.62335060097 6.92186572451 -18.7503016715
326 318 -4.88683157029 -22.9526997707 -23.4047966129
318 334 -9.4184825385 -13.2784974491 -21.0031942033
458 310 -10.034248504 3.56357634656 1.25875289221
302 338 -19.5650737575 -12.7565597028 -20.9071319393
350 362 8.56323376565 4.8294407874 -17.4763032279
342 370 4.40309729318 11.0664056738 -21.1934704127
306 370 -18.7077239812 11.7425745501 -19.7409365271
350 322 14.9122847608 -17.2692428482 -24.2837051062
346 394 4.27856309053 24.8114347368 -12.3480798308
410 318 25.635632457 4.42347048512 18.700548565
410 326 26.2761327267 4.96828515909 11.0565246
310 366 -15.765039483 8.32714806024 -17.2170553316
354 394 8.35595521689 23.7382900097 -5.23600214196
518 294 11.2771280087 18.8382029699 24.1746832655
366 366 17.903848475 13.2630544341 -20.384399474
318 354 -11.7866551097 -0.732772286752 -14.4215748286
314 362 -13.5810845652 5.01359105702 -15.9958422973
346 322 12.9354790802 -17.4719917641 -23.206172873
310 338 -15.6448362521 -11.7648019168 -18.9733368204
418 302 15.8284243257 0.0267750527769 12.2323198628
422 314 17.6301714358 4.94797408572 13.8881521596
294 366 -24.6414734358 6.25810989521 -16.3982118471
350 370 9.13421957058 13.4740296898 -21.6951165971
314 338 -13.2227778926 -11.7026565558 -19.2778018939
318 358 -11.5614727184 1.84799273776 -14.5649362674
330 326 -0.694345468563 -17.6471081124 -22.0458106867
410 314 25.4750074877 4.32096318847 20.0231481586
354 326 16.4967152752 -14.9330922955 -24.2410974362
466 326 -3.62106096129 22.7767243592 21.6491497012
338 370 1.49038155105 10.7914346484 -20.516896722
354 390 7.98356541744 24.7438102551 -14.1199701643
434 270 5.69494305407 -19.6631413798 22.5254196777
346 370 6.70468313001 12.2085215996 -21.4431327334
410 302 22.2154406327 0.943841933182 21.4556663273
462 294 -16.0180703612 -4.50148029306 10.652230303
458 294 -14.2919087004 -5.08560951878 9.06298825049
346 362 5.61162419828 4.37147236109 -17.0840457102
514 294 12.8921056909 18.188596576 20.9214368435
426 278 9.36964468432 -15.6251020077 19.2768782139
330 318 -3.29754273739 -23.0217558014 -23.7215686055
354 370 11.7518138347 14.587171426 -21.474923858
466 350 -2.57098249217 26.0737491441 -14.7148090262
334 322 0.575048140514 -21.3436641348 -24.000642503
446 322 1.33517675338 9.93894683033 -4.39496107147
426 274 9.62253876132 -16.9488026639 22.4280483795
342 394 2.21910878288 25.2478598541 -14.7888278118
462 322 -1.52323944263 19.806385209 19.7561637686
366 362 17.5074755261 10.3743707562 -18.7304429729
482 306 -23.2318689625 7.29693574477 4.80802779181
310 370 -15.8503260805 11.7739711313 -18.5513119939
366 350 -19.4623442571 -0.156231562482 -16.2166049866
322 334 -6.98638281709 -12.619602543 -21.4750727994
358 330 19.0144706945 -12.6946834301 -23.1767039169
314 398 12.7151798987 -22.1340704198 5.18907328991
342 362 3.16807038341 4.04940509497 -17.3754125467
318 338 -10.725445149 -11.6019025043 -19.7816096299
310 398 14.412463104 -20.5505735008 11.1951220161
306 374 -18.2399041821 14.7213677147 -21.0594058673
470 334 -10.2819056234 22.7415705119 6.50442286886
366 354 -19.2572642692 -2.81372022851 -16.042415798
370 350 -22.7417486877 0.474765237971 -18.7454781796
314 366 -13.2572095862 8.18704527689 -16.623512716
350 390 5.62997382449 25.0278971184 -17.5836159661
354 398 8.89408487371 23.3685617283 0.723565408188
350 326 14.4069829416 -15.0325334507 -22.783004413
514 298 11.3246110576 19.9839317364 18.0561226257
350 398 6.69250717092 24.1707807845 -2.45121202582
298 334 -17.4203515645 -16.827490339 -22.6953567206
458 322 -0.923835896933 17.6700095798 13.1951722504
310 322 -8.17939902097 -22.4490494109 -21.1211843269
334 370 -1.30325346376 10.5937579629 -20.1425482507
338 374 0.876361858889 14.2002633096 -22.4474700048
422 354 17.5114261735 14.9445260078 -18.7483561823
346 398 4.7107579484 24.7340155081 -5.101175025
342 390 1.94268696647 24.6764535904 -21.07501066
426 302 10.7217348707 -2.16079918305 -0.510761764878
338 362 0.643753790563 3.94990484184 -17.4883300143
338 394 0.651569050878 25.3846838033 -16.6581986698
458 314 -8.43689521202 5.31707228848 0.146467945796
346 390 3.96449286723 24.7864028687 -19.7914693284
366 378 -16.5249898813 -19.6530311333 -19.3151654561
430 286 2.72061777033 -12.4477401509 12.94521742
342 374 2.88096225314 14.1615477977 -22.9486457749
346 326 11.5270138332 -15.4487491378 -21.3178891902
362 326 20.9652330439 -12.9515745928 -26.2461014623
354 330 15.9318789638 -12.315089902 -20.6930529845
454 298 -12.2154377854 -5.26823803591 4.33333344483
338 390 0.364166738224 24.6253501554 -21.7216290907
326 334 -4.66270433277 -12.675885946 -20.948945759
514 330 5.62171243381 24.3697545785 -4.5900178686
358 370 14.7417767366 15.162800317 -20.8260629805
414 302 19.4404669784 0.465878826088 18.2561696973
362 354 -16.7992386412 -2.90547321217 -15.7572282802
318 362 -10.9210101761 4.83180821223 -15.5428599204
370 354 -22.6879516869 -2.34354611894 -18.7381983853
358 390 9.92437818986 23.6673785256 -9.67689615187
318 402 10.6091410466 -23.1959624899 10.4670042155
406 302 25.1337204655 1.71282301801 19.539300824
446 302 -6.95447172251 -5.53917765124 -3.60930037758
366 342 -22.1264309512 2.32419950832 -18.3472213984
410 330 26.6931348684 5.26633770664 5.23613168288
358 334 18.2446076482 -9.85151780966 -19.6281577799
426 314 10.4731462865 6.74624716717 2.49564238093
334 390 -1.71475356227 25.1060785153 -22.1995852673
330 406 3.00486929123 -24.4244508281 9.36735754484
322 338 -8.9199790902 -10.7428501194 -20.3558524766
458 298 -14.3292038123 -2.32179403538 7.53377344985
362 350 -17.4741975839 -0.804671600895 -16.2519813088
366 382 -15.2989043846 -19.7561938901 -13.4035779267
522 298 9.08307970978 20.1818640102 25.0723169783
342 398 2.6666531617 24.968879206 -7.66955514343
510 326 8.42322099035 23.1653875094 -6.17907454421
514 326 7.04676381799 23.9007983708 -2.21509735898
366 346 -20.1686488563 1.51309933594 -16.3601015315
350 374 7.29874976321 15.9859080571 -22.9300276379
430 290 1.24438157942 -11.1239009869 8.60789042878
370 342 -23.9961221309 2.74288918325 -20.8661625602
334 374 -1.24888106587 13.9952452472 -21.7237521994
310 374 -15.8497226065 15.3139687447 -20.0899925134
330 402 3.68559627767 -24.9854348642 -1.68979300055
470 342 -5.28043694026 25.0983173735 -10.0366270891
302 374 -20.690532231 13.7256010482 -20.960253226
434 298 -1.93906902116 -8.02516005193 -2.87040216836
314 378 -13.1558287333 17.8269881019 -21.2953870474
374 350 -24.5687430458 1.98170413609 -22.4842695363
310 378 -15.0358337055 18.5868996873 -21.2489174744
434 358 15.0326010009 18.4005317405 -16.1220013194
414 350 20.9817989689 12.3304768496 -17.1157619015
334 318 -1.38173118399 -23.6790049381 -24.3523738639
334 394 -1.41354410471 26.1616937189 -18.1214708676
406 314 25.2077303029 4.72468688095 14.2499354352
342 326 8.34117155761 -16.4130504971 -20.4842639583
334 366 -0.946547609571 7.02279248467 -18.6348468808
354 386 7.56814242459 24.5150948996 -20.2463432891
326 402 6.67681199591 -25.1557057964 0.947653621972
330 330 -0.818142720041 -15.1256305358 -21.6961628681
346 330 10.5844893863 -13.3165323751 -18.9974834638
470 346 -4.6297235463 25.4349459738 -15.5270639341
358 394 10.1860319118 22.6874042736 -0.883758328289
346 374 5.26388466237 14.762291816 -22.5967328733
314 382 -12.8563975673 21.2151610913 -22.7682404063
366 338 -23.2385317723 3.46695538586 -20.0704568629
370 338 -24.2462350635 3.35897858348 -22.5688709032
306 378 -17.4505893502 17.7090827326 -20.7742696205
310 382 -14.7277931625 20.9532353811 -21.4422744092
362 378 -14.2181393668 -20.8794221861 -20.4375326079
362 330 21.6061643485 -10.1587093837 -24.4679778365
302 326 -11.5280451295 -20.5103150753 -16.8451982911
318 366 -10.8688370467 7.85561613427 -16.5396838789
314 370 -13.5595022303 11.5142445329 -17.8150017135
362 346 -18.1201842339 0.897488003476 -16.052882018
362 382 -12.8088737557 -22.4187849532 -16.7200892825
322 318 -5.36976640495 -23.1550174846 -21.4893869152
442 302 -4.35851549178 -5.92274376102 -4.75968915999
370 346 -23.1894217409 2.28661783873 -19.2311278279
338 398 0.762567394733 24.9937622483 -9.53499616882
362 370 16.7332225296 15.9607179967 -21.0458061201
358 386 9.68088676098 24.5307618461 -15.9920948192
366 386 -14.7601386684 -19.459661824 -4.64869507441
518 302 8.72578618465 21.5741210835 19.8790653978
322 354 -7.97082902102 0.0690332781732 -14.8846187999
342 330 7.1759385835 -14.0588199961 -18.3955594169
354 374 10.2118339271 17.9252074208 -23.3629891739
350 386 5.1655091018 23.7925614559 -22.2144942085
462 318 -9.02611581784 12.8665007931 14.2995437382
358 354 -14.2258012178 -2.80380413295 -15.6312955295
330 390 -4.39346595123 25.6774341297 -22.3060390483
346 318 15.4097333552 -18.0915386432 -23.9393577656
350 318 16.4242283695 -17.2318358901 -24.2388074065
450 322 0.694249086657 11.5862654945 -1.41992515029
510 330 7.38875292089 23.6765186473 -8.74128099553
354 338 15.0172618988 -7.61590667743 -16.8861172574
334 326 1.54830529277 -17.1835664615 -21.4315835397
414 310 22.9080295924 3.27581643723 20.4577554508
342 338 6.88868010606 -10.0764594996 -18.2122893595
366 374 -18.0893192383 -18.1915712964 -21.9082941215
350 382 4.7156057133 21.1033401124 -23.2151000816
350 338 12.6436230996 -8.26252677307 -16.3362812685
326 346 5.15826277912 4.85131158247 -17.0798307149
370 334 -24.3563638637 4.43561093305 -23.3875363249
342 334 6.70813757037 -12.5015249293 -18.1690892961
354 334 15.4644345031 -9.74550904193 -17.911534918
334 406 0.236726546469 -24.5228249773 7.78259670317
330 342 3.34205012285 7.07746184025 -18.4427395396
326 338 -6.39547232632 -10.2359594071 -20.4304060883
306 350 -18.13544776 -3.78610314539 -15.7293922646
322 358 -8.09471370167 2.82838017197 -14.8258372496
318 398 11.2011437248 -23.463613373 -2.46113162742
306 382 -16.6982222284 19.9754302058 -18.9911558213
482 318 -19.8649001841 15.2095303367 -7.37286879087
298 338 -19.4944970603 -14.912048715 -23.0573447728
346 334 9.97448743759 -11.4141592009 -17.7343227637
298 374 -21.9499771764 12.078047176 -14.746532735
346 346 9.0513863778 -3.71526184694 -16.4621742901
306 386 -16.2990474185 20.0512018688 -13.9178514472
322 346 8.23923349924 5.61607893165 -17.3184417691
346 342 10.096967045 -6.59335748493 -17.1459463147
426 270 10.1671290333 -20.47770911 28.9106940098
318 382 -11.0536635896 20.3887315719 -22.069888707
434 318 2.05544762932 5.90819926367 -6.22530280808
346 338 10.1658660979 -9.17542526915 -17.2277084685
314 374 -13.4579537073 14.4716431255 -19.3379267822
342 378 1.91898724507 17.1825011486 -23.8596203813
342 342 6.30772706531 -6.87866085475 -17.4319948861
350 346 12.4297097656 -3.00073281177 -16.6376497339
350 330 12.9345036197 -12.3930492076 -19.575245674
314 386 -12.911716244 23.6204073445 -22.0573910454
310 386 -14.4421913192 22.6596643386 -19.2001906075
354 354 -11.5129259755 -2.47768154259 -15.8018791171
362 342 -19.239933966 2.96729350192 -16.7551088377
334 386 -2.33715467707 23.1850314687 -23.6575476118
374 346 -24.3759258426 3.44009351997 -22.5723919763
342 386 1.58059701959 22.5025623353 -22.8617953643
318 378 -11.3308680686 17.2754226079 -20.8069680703
330 386 -4.59142710558 23.3507310842 -22.9291367648
354 342 14.6806910301 -5.24061699147 -16.5989557679
518 330 3.10160736707 24.7496619867 -0.623978631371
362 394 -11.7705895411 -20.7506636818 3.94708552051
358 338 17.3732154169 -7.23809643492 -17.8604118542
338 386 -0.323062737972 22.7195485558 -23.1124859357
374 354 -24.3028445232 0.480184032223 -21.2656013467
314 342 -13.7868285947 -9.82538359364 -17.7748287614
346 378 3.92984040264 17.1573464732 -23.2081229635
330 334 -1.8674748446 -12.6547729029 -21.0227650643
318 342 -11.1596010113 -9.3326390367 -17.8539374323
334 334 -1.29464585372 12.6312263003 -20.2081925519
362 398 -11.6635973558 -20.4909899086 10.4627177691
322 362 -8.32161852264 4.75573758358 -15.8245547722
346 386 3.39158516324 22.9339145411 -22.2716516254
326 370 5.87796343138 -10.8641348182 -18.9990631796
350 342 12.8918394316 -5.9175921912 -16.5358990119
342 322 10.3489903246 -18.5860371322 -22.9595571894
354 346 14.7524362229 -2.30081126335 -17.0205807954
350 334 12.5703281944 -10.3265800032 -17.2529329851
326 366 5.25735422141 -7.47590680783 -17.2198252402
362 334 21.5284650436 -7.42722483756 -21.466985334
406 310 24.8794491278 4.79811452647 15.3683113976
326 406 6.36416960906 -24.8644152064 12.144676343
358 350 -15.5608657453 -0.779819005342 -16.1499574895
314 402 12.4323193668 -21.7914200177 14.7096798423
362 374 -16.6038285662 -18.7464327582 -21.9577966425
326 342 6.72331028677 7.53191811744 -18.7797851296
334 338 -0.613423526299 10.1242095743 -19.7340871117
322 374 8.9323146025 -13.2016703261 -20.0406638562
346 382 3.3470123691 20.4462676263 -23.0395411933
366 334 -23.7291926447 4.83956538145 -22.2221636847
474 286 -18.9514622341 -8.0894417031 19.8706398159
430 282 3.7843875518 -14.7368944372 15.3397835366
410 310 24.6508888425 4.21207823976 20.0341605709
338 406 -1.91906993051 -24.3740120318 8.00489858556
338 378 0.177309581223 17.0345506526 -23.314007807
362 338 -20.3794199293 4.98605469986 -17.9886026709
334 398 -0.89463829532 25.3176886222 -10.8935415194
334 378 -1.56995338496 16.8832430777 -23.1085713672
326 398 7.08244199921 -26.1848850979 -11.9067013416
318 386 -11.043209841 23.3017439971 -22.8389002085
346 358 4.38827854941 2.82148088583 -15.9588931455
366 370 18.3364762806 16.4658815339 -22.7925570424
334 402 0.774043777394 -24.6603113513 -1.26656185412
350 378 5.96872692116 18.0548584195 -23.7650046658
318 346 11.607334899 6.10539304604 -17.3644535591
330 346 1.87697189496 4.31762310829 -16.7990891355
354 382 7.25574640434 23.0627150821 -22.7044827221
342 358 1.72381110981 2.65521233275 -16.4843889178
322 370 8.49398254547 -10.95567722 -18.7182589297
310 390 -14.5645932969 21.6765131184 -13.1303996938
330 394 -3.96449252923 26.9010389227 -19.2712258218
358 402 -10.4836131812 -21.6285692786 12.7870569904
318 374 -11.2847421501 14.1093432763 -19.0220930417
334 330 -1.70445162822 14.6108538017 -21.0209824
418 354 17.229833616 14.4399525699 -20.0413009428
454 322 -0.977501979572 14.1888283571 5.23886258351
418 310 19.090580906 3.24096415064 14.9480468843
318 370 -11.3459680816 11.211361579 -17.6307398449
342 346 5.71154344319 -3.63960015912 -16.2749416859
310 342 -16.2875736419 -10.1594124799 -17.9706491132
322 366 -8.47968989886 7.44865003213 -16.4879313106
358 374 13.0775432791 19.035569862 -22.6298131273
422 306 14.0379811496 0.305304623625 4.95836500937
370 374 -18.2778777304 -17.2066998882 -18.1049459741
302 378 -19.4524070296 16.6072252064 -17.896163764
314 394 13.4038020136 -22.2540716039 -9.12564413112
310 394 14.8916068115 -20.5332929172 -0.9515457306
330 398 3.85200342582 -26.0376046178 -12.6383293626
366 390 -15.0420942673 -18.5936526149 4.07899137431
354 350 -13.2167304102 -0.744281941542 -16.4151292105
346 402 5.71427997378 24.530043042 3.55809038672
326 362 5.19647097016 -4.05698004932 -16.2639234474
302 342 -20.0984126859 -11.2754387782 -19.724139399
306 342 -18.3873664186 -10.6686754598 -17.8401799458
362 386 -12.2505354434 -21.6295095447 -11.1555670065
354 378 8.41123028289 20.5335045849 -23.6518055047
358 378 -11.4171914158 -21.231890109 -22.0805229727
370 362 19.5010034921 12.2414825155 -21.2508109998
334 382 -2.27909806111 20.1445215807 -23.4976594861
358 342 -17.050863723 3.77541995419 -16.6779292996
350 402 8.2350316867 23.7386983265 5.2361899643
342 406 -4.4196385151 -23.9435991886 9.52654239428
406 330 25.3714078593 1.93512894098 -1.8474860056
350 358 7.75017193765 2.93478967152 -15.8894494511
358 346 16.4139197471 -2.06001415306 -16.927769004
426 306 10.401415398 -2.12567562591 -4.23622979043
354 402 -9.59804317499 -22.4755401376 9.46742587352
322 342 -8.17860728185 -8.75834760635 -18.0832679731
326 374 6.40444837413 -13.8429693472 -20.3165908034
406 318 25.4509331001 4.5270781904 12.6904440892
438 302 -2.78353314008 -5.87052888723 -6.23434707806
522 294 9.99273188308 18.0828772101 21.1651475215
330 338 3.8456986902 9.71094646297 -20.5163846781
358 398 10.623468628 22.5798622259 4.57346088514
358 382 -9.62720304988 -23.0966560917 -19.954864289
306 390 -16.3313613355 19.2848841752 -4.30021360152
314 390 -12.7874158523 23.6101711514 -17.2115464666
338 402 -1.32555674705 -24.6583457978 0.601743964136
330 338 -3.26647907956 -9.94653026288 -20.213333189
514 290 15.042970583 15.4944937303 21.7436988093
358 346 -16.176859532 1.60601007502 -16.3196396768
366 330 22.3816495502 -8.71110849224 -24.7637307751
350 354 -8.88495279796 -2.09451368871 -15.5180017821
314 346 15.1003080479 6.63623405677 -17.4624613917
514 334 3.28391579834 25.1644827383 -7.44050085381
462 270 -10.7568026509 -18.9827784233 25.4280314081
342 382 1.37951087125 20.3506448218 -23.7957259102
302 382 -18.5659103734 17.2681185638 -10.5406677808
514 302 9.96266838615 21.3377977484 14.6395439238
342 402 3.3576417892 25.0604823273 2.24835710942
358 342 17.0891952173 -3.99752231015 -17.3577817363
334 342 -0.555844262892 6.51655872024 -18.1049529431
362 390 -12.3075361485 -20.8074419435 -3.84604824549
350 350 10.8451543532 -0.533076501721 -16.3846181993
406 334 25.3686384723 0.566997382647 -9.98579240034
322 342 8.83173069718 8.29063391295 -18.4808764003
310 346 17.9184174413 7.04937991145 -17.954377355
522 302 7.20371081369 21.6350572524 25.0230775079
358 382 9.94856428355 23.3020917737 -20.409471584
422 310 13.8635724173 5.04221929787 7.34516404816
362 390 12.2834440729 22.1472979054 -4.55648662743
338 358 -0.0451283800632 2.59443036679 -16.577167381
338 382 -0.707980960315 20.4176368808 -23.6365080207
370 378 -17.191308361 -18.0130487872 -10.4563046837
306 394 16.2804114349 -19.0362833443 7.74155908183
358 378 11.3080678084 21.2761837112 -22.5213597386
346 406 -6.87530336319 -23.3962421574 11.0796378356
370 366 19.2946609151 14.6520261528 -22.5921036637
330 362 2.29442421726 -3.5074050205 -16.8780735456
358 374 -13.2770183553 -18.7273234414 -22.0268977865
326 358 4.84745425755 -2.05391787353 -15.7823585325
326 358 -4.70232263024 2.73046427118 -15.5685827379
322 382 -9.6133562531 19.5598161001 -22.3957674135
322 366 8.16986868467 -7.73436512669 -17.2871020143
322 378 -9.01143705873 16.2750727265 -21.2185483925
350 350 -10.5196258616 0.0357043331921 -15.8631507768
354 378 -8.73461080524 -20.7772232932 -23.1971086764
362 386 12.7948312328 22.6146340286 -11.7619887318
306 346 19.5802606669 7.37160675764 -17.8770587312
466 290 -16.9295621503 -5.24965411602 12.2180347981
330 382 -3.88175373372 19.7761303027 -22.5761595336
338 382 0.148069810662 -20.7726748275 -23.7716277556
326 362 -5.19005014121 4.57699878335 -15.7541540966
366 330 -23.2450787025 7.05684872467 -24.2601194768
450 302 -9.39525020947 -4.76558103709 -0.274159988463
354 350 13.6639164523 0.16353490018 -16.9912876734
342 402 -3.46123406247 -24.6496357999 2.66230201602
430 358 15.0669592831 16.6740665669 -19.8616443159
510 294 14.3799348326 16.6794825756 15.0220254279
338 402 1.66176637983 24.9617556906 0.407696786922
334 330 2.39292418514 -14.5406659832 -20.3730635629
454 358 4.09626090369 25.0227614155 -7.58490555008
362 338 20.3019736009 -5.29043106813 -18.6609216659
346 350 -7.57658246619 0.484469320862 -15.8161899719
310 350 -16.3191519003 -3.77228075116 -15.6880754307
302 386 -18.2488468209 16.8943534023 -1.72689812
358 398 -10.4588912444 -21.778784902 5.15129243541
318 370 10.9895539127 -11.7638207257 -18.6421262577
330 366 2.77766932458 -7.03145021223 -17.8791221364
346 350 7.85717706214 -0.998464680398 -16.1103888883
370 370 -19.2213621604 -16.2004579439 -22.7021487075
518 334 1.17000167068 25.1992510719 -4.16461626478
318 394 11.30253301 -24.1223960243 -14.3827324373
438 266 6.07887562298 -21.5242922224 24.4528336881
410 334 26.8865597859 5.43377743864 -3.10300640126
526 298 8.23938614105 18.4102817356 21.3281689672
350 334 -13.0203290844 10.0069517607 -16.7803910014
322 378 9.49467388603 -15.949117834 -22.1670073591
322 370 -8.57059344616 10.7143134786 -17.5446730963
362 374 16.1411114461 19.447001185 -22.3934542336
454 314 -6.96558275559 2.5595030793 -5.80329885769
466 290 -16.981414333 -6.09014522299 12.3572749425
318 390 -10.9695250477 24.764314049 -20.9726580454
454 310 -8.70708248752 1.31010829628 -4.93081824783
326 342 -6.02565468043 -7.77302645292 -18.3717976267
362 334 -21.6475068158 7.03886229087 -20.8035204395
318 318 -5.08175034934 -23.2193079849 -19.6523147974
354 346 -14.4451096111 1.97983551467 -16.5082055412
354 358 10.6927673127 3.5268303317 -16.3119217199
302 378 19.6804606246 -16.75577835 -18.9269663186
354 382 -7.71935521558 -23.1542554161 -21.9724605601
550 346 -18.2339297207 17.9993751828 -6.80714833381
442 266 2.68615534286 -21.4410088324 24.0507336302
350 342 -12.977003673 5.90365936445 -16.1703363407
358 350 15.9823949813 0.233179154715 -16.983677267
334 382 1.4534020945 -20.0079398614 -23.7890470573
350 402 -8.26344499992 -23.328398808 6.06684893173
330 334 2.5424859932 12.5388578885 -21.4660789593
366 334 23.0967558027 -6.09091994719 -22.7973334958
346 402 -5.92098062676 -24.0726413864 4.17088655388
518 326 5.2310527982 24.1032333176 1.51267079903
322 362 8.15203129314 -4.46774313527 -16.3791108244
358 338 -17.3420839019 7.21156479263 -17.1618073258
478 286 -22.6915430844 -5.30327061524 21.2319254946
350 406 -8.76069013305 -22.8070877902 12.4929846424
510 322 9.72031344488 22.5350060036 -3.83307549331
314 390 13.68963777 -22.3470180618 -18.0695553396
510 334 4.61515214273 24.4540184044 -11.9037992113
354 342 -14.6119344775 5.18780692042 -16.0341459185
458 318 -7.57080823895 7.76736898093 3.54220410593
354 402 9.88736463411 23.0093740571 8.52471051931
330 378 -2.75543207164 15.9918499862 -22.0255652859
342 382 -1.76709488685 -20.8271807649 -23.4571419683
334 398 1.00466733589 -25.4212894172 -11.4199339552
362 342 19.0809241185 -3.40591665415 -17.5646735685
350 330 -13.4446842088 12.0056226802 -18.9494655402
366 370 -18.835611871 -15.974677476 -22.3514709166
326 366 -5.35554196065 7.28859069076 -16.6543460087
430 294 -0.0670056087047 -9.38982470651 5.63737826335
318 374 11.1303453846 -14.513858036 -20.0530971404
334 402 -0.0983601273894 24.790993224 -1.26802435384
466 322 -2.51527239702 21.165869827 21.7173445082
338 378 -0.482863847268 -17.1395594394 -23.4841627768
322 350 7.10904722424 3.68110262671 -15.9401202852
418 306 17.0640366386 1.75908273414 12.9432059227
310 342 17.3731354753 8.64158517117 -18.4208090755
334 378 0.892344835955 -16.4237079005 -23.6384920428
346 338 -10.5163098727 9.1248845063 -16.6879126018
302 382 18.6696213196 -17.405282962 -11.7680209148
438 318 0.152857752031 4.19600644555 -8.49141607755
318 342 11.8858777426 8.43922238228 -18.332263647
306 390 16.5989300038 -19.0435330117 -5.00921458956
374 342 -24.52488206 4.11392103556 -23.5227435903
326 350 3.59576022662 3.42462138039 -16.0057854012
350 346 -12.0555315095 2.78478246984 -16.3115617172
346 334 -10.6375062882 11.2966765833 -17.1492258292
326 354 -4.76087138225 0.906346114269 -15.5989067844
410 306 23.1224990996 3.31500510008 21.658958445
326 338 6.86964520802 9.9841940237 -20.7442664012
354 318 17.0405202246 -16.2256326392 -23.7709994159
546 346 -17.0713063166 19.1728791322 -6.01170592019
354 334 -15.5800099345 9.62577395049 -17.2553284673
346 342 -10.2267546168 6.49854905725 -16.6919706351
322 374 -8.66631924228 13.015258162 -18.9435236429
538 346 -14.4736717355 20.7191747864 -5.90968348654
330 398 -3.28935505914 25.8837739314 -12.0870477773
350 338 -12.9443273945 8.15796143514 -15.7781163775
406 326 25.7223196726 3.38959922378 6.48215160218
318 390 11.6020349826 -23.5987565237 -21.4714718943
334 334 1.72806876578 -12.6663566205 -19.6514000376
354 338 -15.152662383 7.75427442755 -16.1900798468
306 342 19.3758455395 9.20087861398 -18.3812852559
342 346 -5.71688221011 3.22717599198 -16.1173657388
350 378 -6.1949782325 -18.3596854639 -23.2324830874
534 346 -13.2603426622 21.4566255008 -6.71436715801
330 358 2.20085257146 -1.86606147702 -16.081162053
454 306 -11.248415928 -0.818093526767 -1.71132419631
334 362 -1.11428291161 3.69190966637 -17.3645014331
326 390 -6.53813740221 25.8963523098 -21.8733092503
470 338 -9.79573287191 23.7734042738 -1.11699172961
294 346 -24.1111140581 -4.1521644873 -20.2050890613
342 350 4.44327308813 -1.76047450178 -15.9089576814
310 390 15.341360409 -20.9237520501 -13.8403742814
322 358 8.17177634499 -1.91243353161 -15.4328443211
314 342 14.8277081741 8.43779309995 -18.2031397829
430 302 6.9381508876 -3.52995364922 -3.85465446558
406 306 24.6991694448 4.59778464887 16.605253962
346 346 -8.86288962392 3.47653336972 -16.1836848243
302 386 18.2967749013 -17.2218824246 -2.83898652622
454 302 -12.3174073343 -1.88021877127 2.50319794167
362 346 18.2394292645 -1.33544931745 -17.0589503056
334 326 -0.686319700813 16.9619455382 -22.0520999819
362 370 -16.8558136382 -15.3880013927 -20.5475355881
330 342 -2.5970436151 -7.19307295136 -17.9845745602
318 366 10.2965136175 -8.43728701869 -17.0716466433
354 374 -10.2691329109 -17.9219135939 -22.8091353404
342 350 -4.25100032642 1.35984605142 -15.9403171507
338 342 3.12576639699 -6.50160488466 -17.144096568
554 346 -19.2099528812 16.7821183325 -8.62109819709
518 290 12.1474926103 16.1385724095 20.5259447072
342 318 13.4898351217 -19.2100618496 -23.5381518206
314 394 -12.506093062 22.906937618 -8.47648477504
370 358 -22.1997776329 -4.65892810262 -19.6709612625
358 358 13.0988680328 4.70066106115 -16.3800554702
358 386 -9.007892844 -23.9948243452 -15.4353349282
318 378 11.7353255955 -16.8417807569 -21.8607741506
338 322 2.57334145455 -20.9161288287 -23.3136371278
362 330 -21.8227955602 9.5966641268 -23.7912832641
338 346 2.74533538923 -3.42020526718 -16.1316801637
342 342 -6.49848421534 6.90038493793 -17.1108203588
346 386 -3.57836703255 -23.4945309383 -21.4377147896
322 382 10.012390848 -19.4162301106 -22.9722214304
514 322 8.12010142877 23.313871211 0.573086955807
362 382 13.436728175 22.9850904808 -17.4258169516
322 386 -9.14159066285 22.9203429154 -23.2910262205
430 278 5.43734588255 -16.9907381652 17.6188150834
298 330 -14.4719324427 -19.0567500729 -16.9616656659
330 330 1.81423195096 14.9061234117 -22.3479295097
366 358 -19.0830238095 -5.82834006906 -16.9985901389
326 370 -5.75264860787 10.7344480995 -18.3145014702
514 346 0.448393479484 -24.5312167526 -18.9975550494
334 338 0.875575166392 -10.2907589283 -19.2861430034
346 330 -11.249613176 13.1537169812 -18.3574929269
366 374 17.8010456083 18.8086752804 -22.3274852217
406 338 25.309993617 -1.12409255532 -15.7001965654
370 346 23.1075545975 -3.07159674086 -20.4809747444
362 378 14.2559353966 21.4970378403 -20.8821213765
342 338 -7.34858293932 10.0232990802 -17.9166922712
542 346 -15.7452329274 19.9650873135 -5.47841508642
430 314 4.04410805638 5.02199703427 -5.32227112607
366 338 22.9552637855 -4.21579242212 -20.8008016027
546 350 -17.409517093 18.8813866626 -10.9313821769
342 334 -7.53795320463 12.0951259739 -17.9631563014
410 346 23.6557211806 10.1020487598 -17.0939660397
514 342 -0.0202320977718 -24.7295537347 -15.6958811241
326 394 -6.67683329505 27.3761906531 -18.8323854949
338 386 0.105879121023 -23.2433546097 -23.0738395981
318 346 -10.6163335043 -7.32487747367 -16.9776767373
330 394 4.17609072002 -26.9374464027 -19.8728829394
314 370 13.0845717353 -12.2034844468 -18.69834851
518 346 2.16034201365 -24.6367521241 -16.3194099478
318 382 11.729393986 -19.5165532272 -22.7194431806
338 398 -0.8843989474 -25.0203463429 -9.78410064831
314 346 -13.9933057585 -8.22007466667 -17.1337508485
406 322 25.8197420616 4.23521041118 9.96542711543
334 386 2.05743917911 -23.3909722252 -23.8348794346
470 338 -5.42516357197 24.2552010683 -0.732291867146
538 342 -14.2961492366 21.3496117625 -3.14200227794
350 386 -5.68686043739 -24.0490054665 -21.3867505964
362 358 -15.9327096287 -5.15153190486 -15.7419966253
362 394 11.6650879659 21.7705157514 3.28649343894
310 394 -14.3890689828 20.9020114588 -0.281807334366
358 394 -10.2077975946 -21.8448991959 -0.305336776674
318 394 -10.5395176379 24.934671074 -13.7489431753
318 386 11.9276594815 -22.0530004382 -23.1929643837
482 302 -23.2903201956 5.63129480204 7.87020567561
430 298 6.83800779158 -4.78844497743 0.597492591178
342 386 -1.71862095003 -23.1911579548 -22.3224179257
530 346 -12.2120855402 22.1320535042 -7.92900572126
366 346 20.1157185505 -2.05342665449 -17.4620520491
330 382 3.91379204442 -19.6660435557 -22.9258067663
310 386 15.4739288462 -21.1285192204 -20.1244857808
534 342 -13.1132820874 21.7790066913 -3.85171674751
430 306 6.41292190263 -3.85085016483 -5.99503259897
350 382 -5.24473027175 -21.5457118627 -22.442877484
322 346 -7.42615181991 -6.33130682548 -16.9249871324
342 378 -2.26053071896 -17.3727787501 -23.7963345968
322 338 9.28497069673 10.3188424435 -20.6260120211
354 386 -7.491823656 -24.6372455946 -19.4021786782
298 346 -22.7741845467 -7.08560703471 -19.2523374085
358 334 -18.1950274755 9.81865905319 -18.8935579395
314 386 13.9297524765 -21.7869404349 -22.6525731973
302 374 20.5452697183 -14.6197601345 -21.8985910394
346 382 -3.37099627761 -21.1419413966 -22.3564930725
346 354 -5.85009960508 -1.46582893486 -15.5998497558
550 350 -18.791586768 17.2120509142 -12.1497448188
338 318 -0.414400536504 -23.0494737845 -24.1546580577
422 270 12.454630759 -19.9094510115 26.9530074954
466 322 -10.3814975327 18.0846146663 20.4612414487
362 350 17.9732157552 0.587455539411 -17.3088349682
302 390 -18.4183557953 16.293803976 6.50525983388
510 290 16.4214388111 14.2594966551 17.4535371922
346 378 -3.99325221108 -17.5050226069 -22.8794413576
326 394 7.28432072555 -27.3592547438 -19.4979647099
366 342 21.9664040905 -2.93381538113 -19.3109670375
330 350 1.07105370334 2.89865935675 -15.9746568808
326 346 -4.49463493155 -5.23825085177 -16.6541911857
474 286 -20.1219153068 -6.22824168062 21.8195054272
430 270 9.2891252309 -18.7979618664 25.0788058903
318 362 10.4866530661 -5.0805912239 -16.0184185887
358 370 -14.7027864263 -14.6748844162 -20.2957809412
346 374 -5.06928032811 -14.6151279801 -22.3893911081
306 382 17.3224202977 -19.1334288877 -20.2046430997
298 342 -21.0445928115 -12.430344447 -21.7880247332
306 378 17.7847669653 -17.4947654186 -22.0034495591
358 390 -9.75678096858 -22.7853861915 -9.22463415554
406 306 25.1959441028 3.31601544834 17.9719017949
542 350 -16.3167671043 19.9176047911 -10.2475277095
314 374 13.3100273213 -14.780359805 -20.3938224384
342 330 -8.01877991126 13.6577715458 -18.0702885173
406 358 15.4879083541 -7.38924606973 -20.9285283226
306 386 16.9439123009 -19.3973132931 -14.884885989
326 334 5.32339206928 12.3754631643 -21.6393759736
350 374 -7.19786686756 -16.0421330241 -22.6350103408
370 342 23.603261597 -3.90607462852 -21.7868359159
354 330 -16.1465437996 11.820549482 -20.0324761107
342 398 -2.75175044501 -25.0322239913 -7.41257842582
462 354 -0.666764898193 25.999101058 -13.4477002786
518 342 1.1591784433 -24.4734276051 -11.6306819642
374 358 -23.4698834896 -0.562817115748 -21.395548481
474 342 -12.2177433683 21.8381665386 -17.5877338382
410 342 25.3736519428 8.29444440742 -14.0536965625
410 350 20.5452420246 12.6577582209 -20.4333267225
366 326 22.1621786031 -10.6281855306 -24.7430004942
302 342 20.8700089692 10.0728580965 -20.1859012981
414 354 17.2087319275 13.5815207413 -21.6970537604
414 306 20.7313290485 3.3208997286 18.8318616705
370 338 23.3346910736 -5.11082631425 -23.0546443576
538 350 -15.0694855194 20.5650498942 -10.6794695616
510 298 12.5436234138 18.9075725984 10.7386522081
330 346 -1.27936485117 -4.45908933361 -16.4782914968
330 358 -2.06236173009 2.16264239448 -16.1269804438
446 318 0.490746577147 -4.89569346212 -7.3546320757
334 394 1.38797664665 -26.317943077 -18.7485183077
314 382 13.6730751756 -20.0154894337 -23.4988166183
310 374 15.4638623446 -15.5942508003 -21.0415812691
346 326 -12.1563844092 15.2675601427 -20.8631209406
330 362 -2.12564543159 3.92104147567 -16.5720518383
330 378 3.20811252259 -15.9444459858 -22.2842881307
534 350 -14.126907703 21.2454054599 -11.9190604911
310 382 15.506136488 -19.8288108465 -22.3616612782
442 318 0.596204214829 -4.07076619564 -8.589059376
318 350 10.4783166807 4.2172347574 -16.2111482954
366 326 -22.7618588856 9.29777407806 -24.0948313558
334 342 1.00997127657 -6.61587761002 -17.5134032025
362 326 -21.5331997725 11.7996627704 -25.6256362285
530 342 -12.0632928358 22.285380231 -5.07762939592
338 406 2.22494525036 24.9199432847 7.27020304635
298 374 21.1395624262 -14.338246879 -15.8276769781
370 370 18.5950181912 16.6508667474 -23.0355516916
326 378 7.20655743872 -16.0450018376 -21.5549721542
410 338 26.0540957971 6.82578326012 -10.3997563879
342 406 4.25447274488 24.7057785091 8.64634105857
350 326 -14.7876368546 15.0665070096 -22.1223459056
522 330 1.33204343346 24.7885748922 1.70295407068
330 370 3.58973394786 -10.8344199037 -19.428780064
450 310 -7.55533131451 0.118013746253 -5.85376480012
434 306 3.77513145814 -4.76234617472 -6.17961931872
342 374 -2.58550015247 -13.8420643974 -22.9450708565
314 366 12.6904780001 -8.84623699003 -17.1985500131
314 378 13.5517063931 -17.3139420368 -22.2568502058
522 334 -0.939301286885 25.2543734961 -1.94979341644
526 346 -11.6534072292 22.1194089581 -9.50834902251
338 338 3.45832587612 -10.5095810762 -18.0071872672
346 390 -4.52850602723 -25.0820506343 -19.2286311294
310 378 15.328932009 -18.3276894074 -22.1736792859
306 394 -16.0120079076 19.1283717157 8.15968471779
334 374 1.54162157794 -13.6474829273 -22.3096001847
326 374 -6.27793700288 13.404906952 -19.6526990737
346 398 -4.78576658383 -24.6423520777 -4.57075588009
334 390 1.53961021702 -25.3269341725 -22.6730235352
358 330 -18.9848986675 12.5841020039 -22.407292311
450 318 -0.642059107479 -5.95311128532 -6.30319142303
542 342 -15.6768685434 20.6104649467 -2.40224020972
338 374 -0.696106970978 -13.8406554731 -22.9429817618
298 342 22.029152088 11.2843594353 -21.861569708
358 354 14.6848154559 1.70846344899 -16.6364837864
362 358 15.6584747167 6.0064658935 -16.7538072508
330 374 -2.07867521078 13.0807904077 -20.560087414
350 390 -5.96453512737 -25.1646982732 -16.824638407
350 398 -6.57675646591 -23.9243368335 -1.78156047466
450 314 -6.42048434074 0.418675417146 -6.88786003052
334 346 -0.122403986672 3.50414637212 -16.2980965355
430 274 8.76456469457 -17.2369577557 19.5884059822
318 338 11.0774995896 11.12758659 -20.273717515
406 322 25.6415713558 3.6379439426 12.168118092
366 382 15.8263623136 20.2861755156 -14.1003633247
550 342 -17.9521191627 17.6901921271 -3.35444035246
338 390 -0.726940897804 -24.9933664834 -22.0180722291
346 406 6.59215906195 24.1999558368 9.96141957428
330 386 4.81450416972 -23.3723612374 -23.3833129463
298 378 -20.5007618437 14.3356709516 -5.13757493724
514 338 -1.57954276921 -24.2859934762 -11.0392023513
330 402 -2.41482854002 24.7498597273 -1.76451957124
354 398 -8.56027377299 -22.9187448683 1.48702871525
546 342 -16.9696552515 19.1151105314 -2.73169403173
322 334 7.4362002377 12.1528468896 -22.2595429675
338 394 -0.958143989202 -25.6520899588 -17.0277816949
306 374 18.2234161517 -14.9887884411 -22.1798851129
402 314 23.6448003534 7.00186668113 6.09026803243
342 390 -2.48388964161 -24.9687699964 -20.9090405806
406 354 20.2759787635 -8.01994759824 -22.9683112152
338 350 1.98582980812 -1.96961589392 -16.0839872602
354 370 -11.6800099359 -14.3234750952 -20.9762802787
366 386 15.0862507786 20.2501827519 -5.48588648708
330 390 4.72908032526 -25.6941033183 -23.0101520549
338 326 -3.66855198917 16.861818413 -21.6361441304
558 342 -19.3683332693 16.4089296237 -7.15954109459
526 302 6.50814293209 20.5606290333 25.684416159
322 386 9.81742293938 -22.2723318345 -23.3732934066
426 310 8.33527849701 5.58505656666 -3.27026435076
530 350 -12.9779639657 21.6157139836 -13.1789228797
334 406 0.536912854362 24.7797907033 7.26106674061
302 346 21.0408463689 7.92454197553 -18.866756266
554 342 -18.8178465457 16.9476531087 -4.85646970243
366 358 18.3950317577 7.32889064289 -17.955076732
434 302 -2.25103609602 -5.79570875983 -6.60715400326
510 342 -1.83676445892 -24.3018036197 -19.2160077229
310 370 15.275071655 -12.4652719696 -19.3910287641
366 378 16.9174292698 20.0946939191 -19.8650468405
310 346 -16.7070652395 -8.80368304281 -17.7135606814
366 350 19.7055469858 -0.232982135752 -17.3501336511
402 358 16.4238048326 -9.55245786448 -21.4114217618
426 310 10.2540189837 -2.25615080013 -3.44110943314
510 338 -2.88729451617 -24.0581305071 -15.7753472314
326 354 4.71783801891 -0.854315614709 -15.6052922088
446 266 -0.424528134313 -21.348926606 24.0692176067
346 370 -6.40049517619 -11.9159704727 -21.3272523474
326 386 -6.11263033679 23.5275575933 -22.1753651761
370 334 23.1975464147 -6.47191055391 -23.8039613301
314 350 -13.5323632237 -3.21551332559 -15.6427525275
370 350 22.829214118 -1.27436511295 -19.8720271025
354 354 11.8200190153 1.50009028435 -16.4330709572
330 354 2.0896305323 -1.56862974155 -16.0105904829
354 390 -7.93849083554 -24.5086312795 -13.5210634748
354 326 -16.5971282162 15.0175015989 -23.5622167454
330 326 1.57216286615 17.2659729716 -22.8916909552
370 366 -19.6752939758 -14.5957639465 -22.5565228459
350 370 -8.85802303171 -13.2677632503 -21.3400631478
338 326 4.04384478103 -16.6482015971 -20.7245880964
454 322 -0.0931755102247 -13.4040985401 5.6495769105
318 358 11.324802537 -1.5623199492 -15.254665777
558 346 -20.2706643615 15.6893149941 -11.4303449734
450 306 -9.89797701816 -1.5528920044 -4.92465186644
342 394 -2.66738155865 -25.4465997361 -14.8415663338
442 318 -0.597157460707 3.61097343179 -8.73079311601
322 402 9.21353232904 -24.9281954054 6.24932614565
338 370 -0.634551553649 -10.3400310242 -20.8091693625
442 310 2.11728393165 -4.83152432937 -5.3304774262
314 362 13.1387258439 -5.38566267146 -16.6086761833
538 338 -14.4118277801 21.4758285825 -1.07054709927
302 390 18.339011366 -16.9223392846 5.89299576161
450 266 -3.44548326035 -20.8854987795 24.2419697726
314 350 13.806809614 4.95803179289 -16.3404268828
314 338 13.8311127909 10.8781622517 -19.9537733576
478 334 -16.2809480498 19.7629741171 -15.1497745853
526 342 -11.2537176303 22.9755632072 -5.82535926032
310 366 15.12594481 -9.06742301731 -17.9638769586
338 346 -2.87642245839 3.04174458939 -16.1505699705
338 350 -1.87641415288 1.66686255941 -16.3061207517
526 350 -12.595814604 20.6359605088 -14.9959275268
362 354 17.203082678 1.94140314785 -17.1548391935
374 346 23.8652125251 -4.86956240631 -23.5435859313
410 306 24.0415455402 3.56774804848 20.0925918531
350 354 9.05849509885 1.30627506592 -16.0256598831
438 306 3.20908105423 -5.29211265605 -5.95725199337
334 322 -0.256033559304 21.5215099639 -24.4608611792
306 370 18.2450573509 -12.3686537976 -20.7183089
342 362 -2.07046891151 -4.25122510813 -17.0966968331
446 306 -5.41880182935 -4.56589134883 -4.76629930538
354 394 -8.05787704345 -23.5311959379 -4.59062379503
450 322 -0.943477989388 -11.4241823186 -0.928897526741
410 310 24.3156816697 4.76025525725 21.5553000627
342 370 -3.62313612309 -10.7166357986 -21.2147396774
358 358 -13.019002966 -4.60212672296 -15.5259446356
506 330 8.82891098678 22.1579706897 -14.5283688589
438 318 0.133643952626 -4.52221053087 -8.3769239583
346 394 -4.52707003492 -24.9004985908 -12.2104917971
518 338 -0.0102162422359 -24.4979984123 -7.56230613109
302 370 20.7563847085 -11.6163718926 -22.2473440009
534 338 -13.1567238979 21.7902308911 -1.55914760356
430 310 5.66998100916 -4.23021919051 -5.87358566795
322 354 7.71044072342 -0.0385598710567 -15.1721179518
310 338 16.4286795832 10.6031509844 -19.7411585902
446 314 3.05085130629 -3.65683538866 -4.01459510712
410 338 25.4425878711 1.32424084424 -10.5233883829
510 334 -6.39457769409 -23.5712527665 -11.8988266346
406 310 25.2809754102 3.77596393431 16.7586409952
318 334 9.91728867194 12.9304236613 -21.5865841122
322 390 -9.28043817187 25.2189218562 -22.6421538425
342 326 -9.09269610839 15.8765436544 -20.2443890035
422 310 14.6722802994 0.639339155397 6.93491880066
518 350 0.784709959078 -24.5570267885 -20.18138878
306 322 -7.64744038728 -22.0702373796 -13.5455162932
346 362 -4.47858499327 -4.83060115893 -16.6618590654
326 398 -5.85506949662 26.0264204716 -11.3215102808
434 310 2.24388028957 -4.73372917665 -6.53365428042
370 358 20.2987671423 9.44012798839 -20.273585688
518 338 -1.9717954203 25.5083264391 -7.38199741367
438 310 0.685891175333 -5.30503367061 -6.28140074188
366 394 -14.2117450714 -18.36061931 13.1715919959
330 354 -1.9740189632 1.40694750531 -16.1781593308
410 334 25.9634865927 3.6006964213 -2.68684538251
338 322 -2.60515066595 21.3933059401 -23.6547945088
454 318 -5.9013179846 4.44036666809 -5.29575855546
350 394 -6.15533471144 -24.6064349185 -8.62162149078
406 318 25.3620139928 3.5222939545 14.5786471624
426 270 -10.051331459 20.0513501391 28.2232606284
342 366 -3.0803004896 -7.15637151413 -18.857104035
454 318 -0.522606617671 -8.25098077484 -3.00530215985
410 358 15.4223766635 -6.0239145995 -21.1743499618
326 390 7.07848868253 -25.884735636 -22.6184280651
366 390 14.6221390401 19.8094246021 3.37717377116
402 354 20.3400647071 -10.7460908351 -24.4102484348
554 350 -20.065217162 15.6701223053 -14.1204025259
338 342 -3.2242714968 6.30932862116 -17.0385566046
402 318 23.7531926854 6.62192319391 5.04852658105
350 322 -15.1497621052 17.2475464069 -23.5646874551
406 326 26.0930805135 4.43734146205 4.85151596884
366 354 19.5216923848 1.64679313087 -17.6070314424
334 358 -0.539196592793 1.96079065233 -16.0977937171
522 350 2.64603500851 -24.6399319205 -18.5690241266
514 338 -0.730211157447 25.5193992143 -10.9671578857
370 374 18.2038999364 17.6644527244 -18.7550779723
338 334 3.47799417499 -13.2359606773 -18.1995972084
370 382 -17.0615519843 -17.4629894669 0.236270385861
370 354 22.6826843146 0.689784001967 -20.0374807009
330 366 -2.43187485988 7.18459484185 -17.4651440976
442 306 -3.10215130935 -4.38693158733 -6.78117905942
522 346 3.51128249614 -24.7649038539 -13.7353213017
322 390 9.84244301391 -24.5862142557 -22.8443816743
450 310 6.40253652728 -2.48417691304 -3.06970876184
342 358 -0.912601725426 -2.70490638458 -16.2746568204
562 338 -20.045735554 15.6735415291 -6.62008387943
430 270 -9.59802067044 17.5700363751 25.3099682911
362 322 19.8854967792 -14.5860012976 -24.1703423568
558 338 -19.0714434838 16.5055069347 -3.01124589272
298 378 19.7835383009 -15.9107406484 -6.03582471223
506 334 6.45182851417 22.8060197903 -17.5655709296
442 314 1.42143168645 -3.96675343775 -5.35128585563
446 310 4.38110457342 -3.41925073927 -4.11791996285
330 406 -1.60850931675 24.3451698815 8.83556416352
350 406 8.65838511505 23.5140050826 11.2489198791
354 406 -9.39220262984 -22.2158011235 14.8395279555
514 334 -5.08127770035 -24.0880836827 -7.58474758857
318 398 -10.6294595069 23.4504854304 -2.11344293376
306 346 -18.3859380608 -9.0847197177 -17.6580497576
326 378 -6.99506360144 15.5100104804 -20.8909638847
542 338 -15.6829420826 20.8074302539 -0.500909257892
410 354 20.9522432133 -6.39094244446 -22.5258372885
554 338 -18.2831672368 17.379215278 -1.62741845261
322 398 9.56877399968 -24.8967581905 -8.30921017026
338 330 -4.60816774841 13.8550576276 -20.9110303463
438 314 1.2265000611 -3.97108370108 -6.31395098107
450 306 8.78061025299 -0.76137613433 -1.82535184295
322 402 9.32919028415 -24.4712075971 5.52414887113
358 402 10.6203047797 22.5861420484 12.0399208036
338 362 0.39755976795 -3.92590934299 -17.3529711427
334 370 2.24964699345 -10.4468260989 -20.3934520164
510 318 9.95440422017 22.3970469544 -1.98450693776
414 306 21.6977445312 2.49056178279 17.9722584438
298 338 20.4302389149 14.0883095668 -23.3269490566
346 354 5.94156234245 0.733386669642 -15.7741822473
514 286 15.8437589693 12.1170600189 20.834242295
510 338 0.644866688073 25.2667902129 -15.9936635606
402 330 24.9001880244 -0.835800005981 -9.39669935765
454 306 10.6247093411 -0.958321478659 1.20319916431
422 306 14.0024016982 3.75585548061 4.83897436324
506 326 10.6414241608 21.8801866319 -12.0056411284
374 350 24.2045587117 -3.33895875376 -23.3177940277
342 354 -2.97293949131 -0.117821242096 -16.2641415515
346 358 -3.72916704721 -3.02234050219 -15.6788379983
338 338 -3.77719636605 9.97815701135 -17.9267254587
334 354 0.775343279603 -1.93712287059 -16.3187083259
510 302 11.3004412688 20.729863434 5.54404072795
442 306 4.19901162762 -4.59146404763 -4.59374235968
522 342 2.71333023079 -24.5208736519 -9.02780673519
522 338 -3.67485054503 25.462866241 -4.98250573672
538 342 15.5403892477 -19.5726526748 -3.81711667849
410 354 16.8478527076 13.0232569368 -22.3769328399
522 346 -12.0545102459 20.7511374275 -12.2499817733
418 310 19.1202300151 3.55056277316 14.9911790555
450 314 5.55651220107 -3.1202532431 -4.0870875948
426 358 14.0256112313 14.1791918025 -21.9522847316
546 338 -16.685008851 19.7315948572 -0.527729552674
542 350 17.2408981713 -18.8451816924 -11.1238617986
442 314 -0.448153643456 -2.33027549233 -7.46752647397
454 302 -10.9678194313 -4.52067945351 3.14232461107
530 338 -12.0315574501 22.6384048727 -1.71423001693
398 358 17.0693936474 -12.9191715797 -23.6192071493
550 338 -17.5252060293 18.506237876 -0.826478952485
406 314 25.4015473573 4.15581022394 15.6796923207
318 350 -10.6260035619 -2.53233023159 -15.669073969
334 350 -0.0529256008923 2.14857337372 -15.6091435946
538 346 15.6447223585 -19.089247084 -6.82153096818
446 310 -6.28513019069 -0.275752662243 -6.0459854579
438 306 -1.8747172708 -4.22527591496 -8.20687581658
410 342 25.2523025917 -0.224540703946 -14.7946028593
430 294 6.41370199196 -7.00155911476 5.60483439008
302 346 -20.7335742659 -7.65675390739 -18.0466082271
562 334 -20.0192124926 16.2383633573 -1.9258602262
322 406 8.6270200419 -24.7047559728 14.8854686048
414 358 15.2516640907 -6.26088173632 -21.3551101968
418 306 17.1542134791 2.69955061357 12.3596470996
322 398 9.62803786145 -25.8131133504 -8.44824051431
538 338 15.4264822499 -19.7267084564 -1.49017159858
434 314 2.80220097108 -4.05277956829 -6.49407625968
326 386 6.79030605458 -23.605877602 -22.7969325289
546 350 17.9843937795 -18.3665319951 -11.8448122669
558 334 -19.2306594513 16.7325198406 0.426612887961
326 382 -4.41242822613 20.3494318399 -21.8899818982
414 310 22.2491988591 5.13959776827 20.7510349372
542 346 16.6554634546 -18.9166296419 -6.42783844175
402 326 24.9884612727 0.601479005805 -3.00400961024
338 358 0.995020021635 -2.5047100388 -16.4610845748
518 322 5.84904464636 23.6128878303 4.52813459556
538 350 16.0189196291 -19.1839407187 -11.5134571117
554 334 -18.1973824789 17.8716929812 1.14458476577
338 354 1.21581186037 -1.60897040776 -16.4401238579
298 346 23.2438082554 8.32274142239 -20.0380649365
522 306 5.8374535829 21.8158113391 22.125686309
438 310 0.155598880085 -2.70543108742 -8.50472102791
406 342 24.6040649271 -3.46260709967 -19.1507807864
446 318 -0.740692098704 4.60738165532 -7.67994033664
534 346 14.5027929833 -19.6278303889 -7.51067918984
334 346 0.748576255876 -3.62454667925 -16.1562155635
542 338 16.4669072105 -19.3813249505 -1.02900902008
342 354 3.1346125263 -0.533673779422 -16.1160951232
454 310 8.09173834205 -2.62476324515 -2.02075794124
342 322 -11.278424727 17.6036861105 -22.3829385688
338 354 0.0201093388975 1.32517214504 -15.3946090096
310 350 16.7628176937 5.50962376291 -16.4408943299
370 330 -24.0478230817 6.39244745838 -22.8283965746
386 394 20.653350293 -13.727636314 -7.00591533918
522 338 2.10772736626 -24.4899134077 -4.95910816821
430 274 7.59808469944 -18.871746512 20.2993192657
374 342 23.5658794091 -6.01663423089 -24.1195388645
542 342 16.631286965 -19.1088958457 -3.11062647087
430 278 7.93024729041 -15.6617449248 16.2054083382
518 334 -2.84641766581 -24.0961183686 -4.05639023441
534 342 14.4269198759 -19.8128469254 -4.37707987368
322 394 9.54301011904 -25.6766019146 -17.8482262727
522 342 -11.6159073161 22.3747941468 -7.55560153553
302 346 -19.8767528011 -9.75162952917 -18.9400959234
510 286 17.8522555456 12.1593889785 20.0030327443
434 302 4.44883698111 -5.0181415142 -5.04821068319
334 354 -0.36658369132 1.39399278342 -15.4277177105
514 318 8.20880990642 23.1839626292 2.84975748743
334 350 1.38651466459 -2.27220333609 -16.35745881
386 390 20.5953524303 -14.1965151831 -13.7436599501
434 314 0.593809392613 2.67747028294 -7.70137540875
430 310 3.17562337736 4.26613425282 -6.24949098325
446 306 6.15535566268 -2.91749560525 -2.97226737056
446 314 -4.41280755977 -0.253284169877 -6.34447850253
562 342 -20.8735383057 14.933404628 -11.0806557205
334 354 -0.662346499556 1.53498998987 -16.6525549867
334 358 0.592929366815 -2.25056178799 -16.6587868056
446 310 -3.07344465002 -3.33301317121 -6.21265103176
506 334 -8.0192763346 -22.2190709731 -16.8997895969
318 406 11.428978653 -22.4416035446 16.6532605552
558 314 15.8734434347 -17.3275011477 24.0338545975
430 298 -1.68650649839 -7.65957820164 -0.347451814711
526 294 7.71098739916 14.5492274491 15.1015712345
330 374 3.23679072582 -13.0977914543 -20.72296124
338 354 -1.02567523381 1.10803874957 -16.7142936285
550 350 19.0829469083 -17.2327175027 -12.9471789719
446 314 -1.43639397701 -2.87649115606 -6.3288366217
406 350 22.8896783678 -6.41443373927 -23.2174290458
354 358 -10.1647970337 -4.00713396844 -15.7755084832
406 342 22.7055495468 10.6755885396 -18.652533209
370 378 17.3573429462 18.3468065091 -11.8572871724
306 398 16.4030096605 -19.0250578728 15.6713974173
438 314 0.464077652681 -2.32443157967 -8.01521491474
446 306 -8.42640127803 -0.737025011355 -5.08336898057
526 334 -2.90582032659 25.3632848102 -0.345745928121
518 306 7.94640546432 22.031369665 16.7758075868
522 326 3.02388354862 24.1685352155 4.41762193017
326 350 -2.9785164659 -3.73933306159 -15.9098814578
322 406 9.58971639794 -23.9145252428 14.1121621139
510 342 -0.571949360764 25.4266103437 -19.7365821114
450 302 -10.2650319096 -1.35911727994 -1.61751482839
534 350 15.0834487807 -19.5613553346 -12.6186029722
510 346 -2.4854130844 -24.1581141615 -21.5042257338
514 342 -2.55658281953 26.2339120251 -15.8716583551
338 330 4.97846409269 -13.6958916233 -19.5172496217
406 286 19.6919877005 -9.78136349671 21.326989266
454 314 6.4491004643 -4.10722743142 -3.06172784788
442 310 -1.00812540564 -2.82077687519 -7.68486866516
338 330 4.03586410721 -14.7587901256 -18.3455709016
510 342 -15.3572830102 17.4601071162 -18.7445393654
538 334 -14.4439788769 21.8395619422 1.12371606831
526 338 -11.2181105885 23.3015887983 -1.8062490557
402 322 23.7987201846 6.57229795609 2.51516110458
518 342 -3.5780229111 25.7157860765 -11.6980429176
334 350 -1.23946714082 1.89122807837 -16.5994707571
406 338 -25.1070698732 -0.166327106664 -14.8306913696
338 334 -4.56513108587 12.0695495638 -20.3073500548
322 394 -9.15132107411 26.2373475494 -17.5068011218
326 382 8.23928547129 -19.0969865749 -22.3839880211
342 354 1.94560381256 1.19001199142 -15.2027521397
430 314 6.13264794597 -4.06331635633 -5.23031339755
294 370 -23.5315289429 8.5778984166 -9.79842391727
534 338 14.3998518924 -19.8561049024 -1.76201947402
406 350 18.1525269499 14.2089069986 -23.2125148845
538 334 15.1221329781 -20.1427954078 1.32901822392
542 334 16.2189309059 -19.707887929 1.07067608116
322 350 -6.49080930671 -4.32348140972 -15.6772791588
406 342 -24.9409402837 1.61373398735 -18.0606114557
554 314 15.4483317288 -17.5491019899 24.4700850185
406 354 14.8985332769 13.7187686185 -22.9508507551
374 362 18.3717830234 13.7314476017 -21.6935957297
338 318 0.491755858415 23.666166064 -24.0585653814
430 274 -9.47436047378 15.8825292015 20.7176964007
442 310 -4.51409141336 -0.0445819524914 -6.89512111782
530 346 13.2989804748 -20.4109996102 -8.67708857774
330 370 -2.33631653481 9.96062821079 -19.3272967067
322 394 9.14919792997 -27.2385640663 -17.7969433207
410 346 25.008585554 -1.21579142852 -17.3987643365
510 282 21.5130410099 -5.04954255202 22.4720236479
402 330 -24.8428729947 -1.51389068139 -8.43483606515
518 346 -12.8659644655 19.6281881056 -15.164623786
402 326 -24.3135622484 -2.74512789621 -1.6933336054
330 370 -3.21957950413 10.8113016508 -19.0119081196
518 342 -12.7960377006 20.4432118979 -10.241333614
402 322 25.5147070602 1.69687793621 2.9712583817
450 306 -7.76625643196 -3.99349884306 -3.25161127964
530 350 13.7643944704 -20.3436460831 -13.5814530026
410 350 23.8381961755 -3.93804014959 -20.5509218244
334 358 -0.433722020322 2.12651571376 -16.8295703179
546 346 17.6315826789 -18.4554719477 -6.84050709476
534 334 -13.3369623759 22.0989213291 1.32757247992
542 334 -15.7069715702 21.0797196419 0.963254353237
554 350 20.0037916051 -16.3237020094 -14.8194394245
510 338 -15.8144841618 17.2695735527 -14.3553097856
434 310 -0.250625925255 -3.45728029548 -8.37082185853
458 318 0.191963008347 -10.9575049436 4.91457371765
506 338 -5.15816124251 -22.723930197 -19.5892519004
326 382 -8.0233859903 18.6935129573 -22.1743790789
522 350 -12.7967028383 19.7588793627 -17.6482364324
514 342 -14.3401425572 18.8841774698 -14.3277550679
418 358 15.7523418921 -6.80964248584 -21.2609845341
330 350 -0.310092941967 -2.9661181757 -16.0580454653
434 314 -0.376252696183 -3.75881369587 -7.58853988534
546 338 17.2316183877 -18.7096150049 -0.985894780436
442 306 -7.03542222121 -0.247699091183 -6.14726099727
550 334 -17.3792498604 18.8736447361 1.44854441143
514 346 -3.23804243557 25.9785658787 -19.375809047
522 334 -0.143080581006 -24.2585701179 -1.62011995822
514 306 9.03085678601 22.1378802531 9.15250405271
522 342 -4.59713590901 25.354589778 -9.00153526969
450 314 -3.06673456123 -3.93817461907 -6.37841826454
390 398 -8.96858836705 -22.9933859305 -6.79786266661
450 318 -4.26725740203 1.76582120222 -8.25503685518
558 346 20.2447404769 -16.0915260026 -12.0179830281
506 338 -17.3613881399 13.8725334454 -19.7580596675
510 314 10.0642626073 22.2848448218 -0.183165756065
402 326 23.8475225443 6.84719335447 -3.44675851699
402 334 24.8663507773 -2.38389356841 -14.9965078414
338 334 -4.1418054905 12.5632464706 -18.0268917422
406 338 25.6962839836 7.79496712425 -15.2786761725
530 342 13.3402484565 -20.3728554746 -5.56360412321
374 338 -24.3207079758 5.61962994844 -22.5452210985
506 322 11.2803130187 21.8950676466 -8.41457896921
554 346 19.3009602467 -16.9401630699 -9.38149947747
334 314 -4.7205521276 -23.3809004986 -16.9191675115
450 318 0.127048798445 6.25465730226 -6.80481435153
434 306 -1.29970194485 -4.58410464527 -8.05683301198
530 298 5.53011070016 14.1097349253 12.332243733
546 342 17.5318128814 -18.3436135566 -3.41420681744
330 314 -4.88840498478 -23.9493219893 -16.4522569353
362 322 -19.9865701638 14.2817310501 -23.2977025408
434 266 9.56384643697 -22.4190268301 25.7987714483
510 286 22.3728011532 -4.88276391811 21.0150707552
554 318 15.1912385663 -17.8240531277 24.0539108478
314 318 -5.25874872163 -22.8072208745 -14.7464243819
438 314 -0.650795790291 1.39879683725 -8.12949819961
390 394 -8.40805581135 -22.503092069 -13.0778957024
546 334 -16.7349738615 20.1019061523 1.09421997972
294 342 -23.9541827696 -3.50058028723 -20.4659214513
514 338 -14.4218159322 18.6718460945 -9.1874394494
394 398 -9.29375196143 -22.679627509 -10.5229946932
530 334 -12.2527282292 22.8767902486 1.55817851542
374 358 19.0796760368 11.8145524122 -22.276044934
562 338 19.9304058174 -16.0551238107 -6.7709549438
330 374 4.80549131254 -13.7223930392 -20.9174284468
522 338 -11.5120030969 22.6642080609 -3.35179504413
510 310 10.4194049237 21.9522633975 0.291861085564
434 310 0.48852956576 2.35467866208 -8.10486736321
430 306 -7.68761058808 -0.15622324826 -7.81712677731
386 398 20.4050498816 -14.2858866968 -1.46798580211
394 402 -8.76792249551 -22.7925956502 -4.80678193456
430 310 -6.40982966512 0.684984108037 -7.24356600881
390 394 19.4169521344 -14.7911596464 -13.8892394122
526 338 -4.44951740896 25.11009577 -3.41332302386
526 306 3.17026148711 22.1456160703 25.3630912871
438 306 -6.11255188262 -0.256648658419 -7.27774854726
482 322 -20.2043570546 15.6768325754 -11.6830758467
434 306 -5.88703830815 -0.0988121589735 -7.96925348473
510 306 10.1687820004 21.575891555 1.93741465544
562 314 16.6042720109 -16.6737967524 23.841559088
402 318 25.6560734816 1.88654709845 5.31694374723
322 398 -9.03303463633 24.7966439016 -7.81743717493
318 350 -9.74519941988 -5.38539390968 -15.9124425074
326 382 4.96454558622 -20.4993348354 -22.1720933362
410 342 -24.8580315538 -1.15335760433 -13.4490464128
546 334 17.1018894617 -18.9394420218 1.19838745049
414 354 21.4092845931 -5.31206354542 -21.6080475346
526 330 -0.99487955502 24.9949358556 2.95499707235
566 338 21.3984934736 -14.6873508981 -11.1968971392
398 362 14.523492563 -12.1675451277 -21.7308718327
562 334 19.6882318634 -16.4347447257 -1.92400174471
450 310 -4.94594947916 -3.83358801587 -5.25063057142
562 342 20.8877838839 -15.4176390635 -11.5155126959
554 330 -17.8363595556 17.9740154197 5.15374423225
534 334 14.2299263865 -20.2981992507 1.60408972434
530 338 13.4706699037 -20.4435945057 -1.66097627493
402 310 23.4047218565 7.19827366439 6.74352221857
558 318 16.0589728205 -17.5490747775 23.8317514532
530 302 6.30309503513 18.3566068067 22.0743098534
322 394 -8.09815883158 27.0744316851 -16.8922263069
390 398 19.9440484844 -14.6797896834 -7.51327902245
402 322 -24.3890886419 -3.60852798984 4.26173351468
330 354 0.851937782753 1.4428728517 -15.2494688573
506 338 3.14618848712 23.4011698334 -20.3764967916
518 338 -12.7997001154 21.2004379897 -5.85838196479
406 346 20.2196528958 12.7825852183 -21.3849082114
442 314 -2.93304646798 -0.628869453201 -7.13187552056
410 350 -23.3270131095 2.46813809267 -19.1483445042
338 334 4.71868621172 -11.9435978822 -18.9917999754
550 314 14.7802431282 -17.6000213094 25.0650685032
402 334 -25.0889199264 0.542376492067 -14.1332888773
510 278 20.7551381704 -5.75251538009 22.1695052835
522 290 9.89620120685 14.5035077599 17.2990359345
410 354 -20.2532744731 6.50594334532 -21.3212415067
526 346 12.2855725617 -21.1904184019 -9.93253420834
454 266 -5.83029726091 -20.8663139846 25.0535490428
410 338 -24.7650435617 -2.66462682645 -9.54942543678
374 362 -22.4368687616 -0.201013348402 -20.7039229873
298 326 -9.13893720653 -20.8290717079 -4.11304426086
434 310 -4.0499222507 -0.0228555044472 -8.25169038078
402 354 12.8250844912 16.3705893378 -24.516277092
558 330 -19.0713686558 16.7879854019 4.6333293571
558 342 19.4129899365 -16.7083568729 -7.62936999128
518 286 12.5569924074 12.3092207847 18.5206754643
550 342 18.3134958859 -17.4446021159 -3.90590033411
566 338 -21.4103879729 14.1494926548 -10.7698562414
406 354 -20.0485003792 8.15122379741 -21.8638761404
526 350 12.4307912848 -21.2942595959 -15.011050437
454 318 -0.473802069071 8.71534862865 -3.7781161183
422 358 12.143781333 12.8283000507 -21.1772681791
550 338 17.7882787628 -17.9748162067 -1.19120899012
402 354 -20.689554617 10.2182325994 -23.5535547117
526 338 3.42622233461 -24.3934340187 -3.16157060537
438 310 -3.13247694203 -0.133533043304 -7.63520051219
438 314 -2.3748434534 -0.151829874733 -8.13581506741
390 390 18.948631992 -15.1456066321 -18.437053471
394 362 16.3439161491 -14.6751070541 -22.8886513951
526 342 12.466982406 -21.0411024655 -6.15475972768
566 334 21.3375148044 -15.2150101614 -6.36950199378
526 350 3.67882650046 -24.9061401875 -16.1769003769
510 346 0.050081250748 24.878118043 -22.1665050132
406 350 -22.7691471674 5.6410906878 -21.995093965
326 314 -4.9853362012 -24.2108610257 -14.0813538066
526 334 -11.5967652055 23.193293284 1.26227812238
522 346 -5.75705541959 25.7051295972 -13.753130282
434 314 -3.63146606683 0.328831933162 -8.26875532164
374 362 -17.966105684 -14.7766573351 -21.6222852625
410 358 -15.2858271212 6.49902643217 -20.2821134005
334 350 0.92536780085 -2.19253821878 -15.7638856669
550 334 17.5744763718 -18.1203782249 1.48451696143
482 298 -23.1450944658 4.09898176415 10.6712504718
406 362 10.8772308172 -7.80726859167 -20.7640285543
506 330 -9.68444632595 -21.6025531095 -13.9841935532
550 318 14.6640712198 -18.1851368036 23.9074550063
562 330 -20.4791912874 16.1742031983 2.26859276534
354 406 9.31881207829 23.1317046672 13.7905724179
386 394 -22.1044141983 11.0979458896 -7.61785288778
338 330 -4.94205213878 13.9229321812 -18.2484512113
510 282 17.9029867427 10.6256850774 21.2978459792
422 358 17.0720747684 -6.84657880871 -21.1965176167
310 402 14.5273741703 -21.1965663153 18.3933174961
438 310 -0.683674834663 2.26064159785 -8.34527820298
514 282 15.659368712 10.0346449149 19.2388912265
402 362 13.0927249946 -9.75519108092 -20.9593899963
406 346 23.8974567991 -4.53565695909 -21.512078405
406 346 -24.2017633288 2.58292770721 -20.2194103089
370 330 23.1708705692 -8.18255715006 -23.4800428405
526 334 2.45072062017 -24.6688863561 0.111482723057
338 354 0.832449589539 -1.43513243534 -15.7142887549
514 314 8.52518016416 22.8701054106 4.83600201104
554 334 18.0806964357 -17.6020824757 1.17725107653
442 314 0.218953040394 1.3686223281 -7.23393070177
550 330 17.1242580698 -18.1721404316 6.02629195655
334 410 1.19416557361 -24.1524854048 16.8103784778
554 338 18.4808892414 -17.0733786742 -1.98255449652
414 358 -14.9493845027 6.80488760971 -20.1247709045
546 330 16.5766821072 -18.6393134658 5.47206290639
386 390 -21.5820856663 12.5014461649 -13.5992213566
510 346 -15.5454220777 17.4658155225 -22.0260866135
546 354 -17.7584054092 17.7301066289 -15.4180184114
522 350 -4.96339575241 25.7320188385 -18.6321513653
558 338 19.1299943891 -16.4687110573 -3.26314440192
518 318 5.97046981302 23.2851794088 7.35068135551
342 354 -1.14586267918 -1.52995928796 -15.4042199106
506 334 -18.5078043537 12.6453507995 -16.7225240156
418 358 10.9439706218 11.5463781099 -20.730724298
554 330 17.7046180194 -17.4928964837 6.00070670102
514 310 8.84401419936 22.4348199031 6.36547010206
542 330 15.7297688419 -19.1906252052 5.21233921007
550 330 -16.9577624497 19.1721433236 5.1919896539
566 314 18.1222588697 -15.9189664742 23.3650961527
562 330 19.6741949652 -16.3836680626 3.17678889523
402 330 24.5580132437 7.29617256624 -9.99676398838
322 398 -7.62713398049 25.5575041589 -7.60739385062
510 302 -10.1098699807 -21.3477578234 5.37959092176
542 354 -16.9503731848 18.4282179086 -14.9085630667
374 366 -17.8805541341 -15.9931836621 -20.4743076146
526 338 12.6575572534 -21.1730785092 -1.61364062163
566 334 -21.4861513218 15.0458524034 -6.45533895427
294 342 -19.2157958683 -14.4327909646 -22.0579663027
554 326 17.0970362315 -17.3024440922 11.894238356
562 310 16.2982537107 -15.7391206462 24.0259057802
338 410 -1.19380358454 -23.9024426356 17.559110007
298 382 -19.9373794152 14.4394068079 1.57052790664
410 362 9.66358067063 -6.54466400171 -20.5976504314
294 342 20.9954888572 12.2616048681 -21.7608455452
306 398 -16.2579751613 18.3637328021 15.9052223379
334 354 1.26135668819 -1.39777303739 -15.7311896002
398 402 -9.41233601944 -22.3657295832 -7.57321523076
558 334 18.9517436275 -16.6835562421 0.461067665851
398 354 19.9524056623 -12.6171690301 -24.7202090469
418 358 -15.2959822506 7.075382165 -19.8809480272
386 386 20.2512466871 -14.5255539684 -18.4331223231
566 310 17.3315228517 -15.1636386971 24.2110897777
558 310 15.7471464134 -15.0220953949 23.3706781873
530 334 13.3981711362 -21.0892300699 2.00170363007
414 358 10.5842292772 10.4404771457 -20.7694162197
530 334 -3.22663037932 25.1794388597 0.154533418339
546 354 18.0938742239 -17.7698152887 -16.175337954
550 326 16.4323816288 -17.8905581856 11.4315825833
566 330 20.8721092691 -16.127032278 -0.738553432339
342 410 -3.8663754536 -23.2325978543 18.0069896944
338 314 -4.62403942416 -22.6255912708 -16.81273959
562 318 17.1182176107 -17.0096000914 21.9423499679
298 382 19.265886579 -16.0141827269 0.729703080392
530 306 2.85207271044 21.6405235635 26.7623392684
434 362 14.7387318795 16.9746512338 -21.8508875571
558 330 18.6234104463 -16.8133158693 5.534456098
370 386 -16.0191312234 -17.2318106673 10.0666587344
542 354 17.4416190643 -18.2156768126 -15.4974256702
554 326 -17.2256349072 18.2150142329 10.0221674669
422 358 -16.4438693889 6.83800194383 -19.9641803189
398 406 -7.76731034899 -22.1436753036 -3.55814740241
390 394 -20.4554919437 14.461030021 -14.1951785609
538 330 14.3943221894 -19.9773892567 5.47762540386
522 322 3.78331121 23.5103999608 7.69292092973
510 278 17.2673186268 10.7548977514 20.9283806579
394 358 18.0420778272 -14.987652846 -24.5917636401
562 346 -21.4844687311 14.0401994339 -15.1851606074
390 402 -9.00958841154 -22.7873356083 -1.52839273909
554 322 15.9226797708 -17.9599003125 18.8678043912
546 314 13.8465417847 -17.8027946468 24.5387775361
554 310 15.7989462988 -14.4786978468 21.655090095
402 334 23.4726481526 9.15858365184 -14.8382865313
558 326 18.0497503337 -16.454462914 11.4930770673
522 310 4.45683692141 21.7390080548 19.8073681553
374 338 23.3459193362 -7.53181193086 -23.2219100241
514 282 18.8208170062 -4.56980435793 19.7848963907
394 394 -7.63678739257 -22.1992820065 -15.861988442
546 330 -16.3446045056 19.8946935664 4.50587787516
570 334 22.4351048578 -12.3456722996 -12.5643337342
514 278 15.1769161936 9.98951914115 18.7889531467
506 318 11.8518549255 21.5162460766 -6.92680290521
290 354 -24.12907451 1.36797528208 -11.1334759734
558 322 16.8125258595 -17.3187174674 18.7591472969
538 354 -16.2949207929 19.0665208318 -15.5669351362
558 326 -18.5275312313 16.7284936785 9.67068372769
334 410 -0.228644069231 24.3552227319 15.8079697458
550 310 15.3965164928 -14.6848194454 21.4423196826
574 302 18.8268560699 -10.6867998592 21.5741896677
414 362 9.40842028758 -6.06972775287 -21.0969801714
562 346 21.2868129226 -15.08468326 -15.7112776018
374 366 17.8869579657 15.4141229642 -20.7727327098
534 306 2.91373167295 20.6140373594 25.1440863788
330 410 4.03397537034 -24.5536259367 17.2437164005
402 410 8.77898740362 23.3331009559 -1.62245306985
514 278 18.8087256215 -4.76849897234 19.463775896
394 366 16.320650229 -13.4276382382 -22.303447635
542 330 -15.3400607919 20.7863121298 4.12831242127
398 406 10.2493317737 22.6346748566 -4.95752659948
402 406 8.86404635453 22.7113530787 -7.0338408881
530 330 -2.19375186608 25.0576036416 3.60487093639
546 318 14.0107505894 -18.4374266254 23.0596667571
302 322 -7.22216699465 -21.5007694328 -2.08472489581
538 330 -14.0188976438 21.4828748857 4.4130689853
506 342 -16.6574922401 15.2354215171 -22.4764666389
474 278 -18.4920814213 -13.4395756707 19.7120685079
302 394 -18.1440973224 16.6289578901 14.3884006012
518 310 7.13357953729 22.4112703951 12.7339858573
390 402 19.7536772068 -15.2254014676 -1.71378650866
338 410 1.81248489614 24.320211906 16.4218617739
546 310 14.763146054 -15.0630431074 23.0396021338
398 354 -20.5785192202 11.3583514828 -23.6185386716
302 394 17.8630145306 -17.575605839 14.2009248369
518 314 6.59161232677 22.8234032633 9.55682721118
530 334 3.30340716584 -24.922152647 0.36810128212
550 322 15.2551207656 -18.2049872164 17.759857047
510 306 -9.23702210986 -22.0696276554 2.06559550214
514 350 -1.76648759189 -24.4333319096 -21.7859342504
546 326 15.8621244641 -18.3766989733 10.7791348435
566 318 18.7118312696 -15.9381212258 19.3193770343
506 342 -4.21439780385 -23.2294508518 -21.7375574808
386 382 20.0032843377 -14.5899094196 -19.7768959758
406 410 7.94192820271 23.7869435437 -3.15527234227
570 302 16.3957313852 -10.757300956 18.4619179102
390 390 -6.29647838919 -22.2942599888 -17.2495637328
538 354 16.7946528825 -18.723670568 -15.9637844252
534 330 -12.9829621989 21.8072196183 4.84694666545
526 310 1.27006392317 21.7168442916 23.0179858846
398 354 -8.5073579073 -20.1671896046 -24.8971389602
558 350 -21.0862819279 14.2458087607 -16.6424781495
418 362 9.57689586 -6.37035938967 -21.7057275579
422 358 -8.21838753103 -15.2446207874 -21.7082449146
390 386 18.440321805 -15.2564142052 -21.8423771601
562 326 19.1804734256 -15.8351749018 9.18942163119
398 354 10.6308637764 18.4351430959 -24.742368743
430 362 12.1544131815 13.3545874789 -23.3146849815
430 266 10.3346026305 -20.9949697406 26.287863418
534 354 -15.3692908254 19.7055020568 -16.780930733
362 402 -11.8623584033 -19.7072504275 17.2672863855
562 322 18.1054506658 -16.2139735134 16.526040405
526 326 0.912483847749 24.2919034429 6.26982197298
574 306 20.4975864089 -11.0921965166 22.1511320166
534 330 13.5434896381 -20.3484891959 5.83587201065
402 350 22.2043730281 -8.57125515104 -23.9706059952
570 330 22.3677094655 -12.7499403394 -7.30072910043
542 310 13.9516905702 -15.8396314587 24.7812387905
430 266 -10.3630053171 19.7128781575 26.0319199099
570 310 19.1745979853 -13.8685935026 21.5517666348
390 382 18.1929595243 -15.27276538 -22.469515955
522 318 4.16921258432 22.7389843672 11.8142329596
534 302 4.82024375075 15.0600942391 14.7931237801
342 410 4.29133851561 23.7721577567 16.5858601271
550 326 -16.3198087239 19.191113607 9.5316976483
518 282 12.8109848985 9.59187198009 17.8672575351
530 354 -14.2605338806 19.8039382894 -17.8818245022
506 342 1.97910313771 23.6621182809 -22.6089400546
538 306 3.66054695843 19.1521439681 22.6844885228
550 306 -11.2000451696 8.02037335755 5.5959001062
470 274 -16.4716450918 -15.321768069 22.7042184193
394 406 -8.73081954955 -22.5575820432 -0.0841703623533
574 298 15.9749576179 -9.40095446822 16.6174908776
526 354 -13.5536836605 19.6260901502 -19.1602130563
558 306 -11.8718190723 9.56738212942 8.57433437364
554 306 -10.9153966904 8.49738660764 5.27502378998
566 330 -21.4620816488 15.8783201265 -1.44614901103
550 310 -14.7908683155 15.1780776345 19.4900571655
566 306 16.6273969846 -12.4299435344 21.2292701685
562 306 14.8176846252 -10.6449897224 16.7886723413
534 298 4.09260860164 10.0205713407 1.65285980623
570 306 18.3091146865 -12.9272357009 22.4989737109
538 306 -1.19028752023 -19.3378388017 22.5565187322
398 410 11.1688394038 22.192040687 0.480973178291
390 366 18.2223335858 -14.9056879945 -23.2119991216
402 350 15.3800276211 16.5102919727 -23.8919790559
374 370 -16.8520983812 -17.0963214262 -16.2260871045
522 314 4.08084338776 22.2235497712 16.0133534547
394 358 -5.4715497346 -21.1357586133 -24.482014334
534 298 -8.55680430881 4.81010843898 1.49739046625
390 374 18.4651465084 -13.6642378329 -22.6060608941
550 354 -18.9474077615 16.5022456811 -16.2425924735
510 274 19.9724749955 -7.83098002796 20.4661725481
398 402 10.6407795961 22.6063285799 -9.07327691711
398 398 -8.85559454592 -22.0053820949 -14.3426703995
402 350 -22.5941856222 7.43497504212 -23.0092198196
534 306 -0.626145203274 -20.7729208687 24.9395358337
514 274 18.5069733913 -5.38312982327 19.8934697545
558 350 20.8870148714 -15.461892736 -17.3446088324
566 326 20.1471230771 -16.1973610295 4.73665775961
390 378 18.066341536 -14.5174743222 -22.6389390778
422 362 11.1690198135 -7.1230011615 -22.7563571754
570 298 13.2534540985 -8.13116719526 13.1384961938
546 310 -14.5867950413 14.5620727622 20.9575312227
406 406 8.33089698344 23.0626626982 -8.79945278666
566 342 21.8718712881 -14.063219686 -15.8917287317
402 414 10.6104021427 22.2808913991 4.23918088713
394 358 -19.4036049709 12.7983179362 -22.9306240924
530 330 -12.2207545024 22.3258081359 4.90781231402
534 354 15.8218870655 -19.312240295 -16.9366681627
342 314 -4.75158732933 -22.0915688754 -15.1835809753
522 286 10.1089047841 11.1831197594 15.0008831506
390 370 18.4593209575 -13.6510999912 -22.836262605
402 338 24.4246098416 -4.24081040339 -18.7090018231
346 410 -6.27535909959 -22.7319799785 18.3352759994
554 310 -14.9871331495 15.2192205625 19.5582393295
518 278 12.7130683041 9.3112920622 17.8749118277
562 326 -19.9969095919 15.5198766906 7.29701211859
534 302 -3.17619062894 -15.3512791339 15.4311817753
578 298 18.6690128778 -8.79743116837 19.5794496077
386 402 20.0526788895 -14.3037033301 5.37450289688
402 338 -24.8209165199 2.70858331717 -17.6877407659
542 314 12.6445797207 -18.4959619333 25.1654948874
514 274 14.6969081989 10.1300557554 19.2368930066
546 306 -12.2642628266 7.98341404213 9.56833011086
386 386 -21.0907418152 13.3054002634 -17.3365251604
342 314 17.1091747146 -15.9572581848 -16.0700956694
514 270 19.1670828224 -6.51201607692 21.6388826576
402 402 8.94689893756 23.0399589646 -12.3966310254
558 310 -14.9873617906 15.3797321629 20.9988196496
530 310 -0.0573175218612 21.7083332969 25.0692474904
330 410 -2.11660947414 24.2359692418 16.7595664989
294 338 -17.1855102557 -16.5501210316 -21.2995569209
578 302 21.2328433701 -9.16685545055 20.7523160141
558 306 12.3721603845 -8.72641443108 10.6780944354
322 314 -5.22194942315 -23.5979227321 -10.2018980664
338 314 16.0676256719 -16.4740488779 -17.6329174301
382 390 -22.5635042373 8.08927245 -3.14377459295
542 326 14.6594848807 -18.9758033951 10.1083864034
438 362 14.9615413848 18.5595477264 -15.4334723064
538 310 0.381738585058 20.9176645417 24.3471685029
530 306 -0.967315878254 -21.7624148325 26.638290451
530 354 14.3302348503 -20.152715381 -17.8869244252
530 294 5.7196043974 11.9236073483 6.02938893077
550 354 18.9690646808 -16.9806031661 -17.0517390147
546 322 14.6689701529 -18.4219588075 16.6671291202
526 354 2.77049091475 -24.1497695817 -19.9065249981
506 314 11.7038430259 21.1604198208 -6.17186846345
566 342 -21.8851588081 12.8913561601 -15.1599934571
538 306 13.756494496 -12.8206296555 23.7664807228
566 302 12.9892829161 -8.72841279946 12.1339867415
542 306 -13.5957092818 8.45935995396 16.065819852
534 298 -3.07905883167 -9.95560984309 1.81227229905
542 306 13.300661365 -10.736988281 17.3268976983
398 410 -8.52655085727 -22.2038046189 1.99044639438
518 266 18.5405458406 -6.04562801629 21.2408863825
402 406 -7.46560517089 -21.9206986298 -5.88731999749
522 262 18.6359483937 -6.82676816796 21.7786623857
514 270 15.438639992 11.1434675819 21.2227406615
386 378 20.0044924993 -14.2741079061 -21.1101942428
534 330 -2.29928702104 24.7166785215 3.95964101498
514 350 -0.580755405146 25.1467173139 -22.2252665568
526 290 7.55724379985 12.3577206361 11.8804739515
526 354 12.9101785085 -21.3953237276 -19.0248814851
538 298 -7.57099669465 4.05999152677 -3.308328291
542 318 13.2629323932 -18.7706594374 22.3288500428
534 310 -0.115328345275 21.3872894247 24.8253369904
542 310 1.38388891569 20.5370104896 23.445227516
358 318 18.189438656 -15.2503008307 -23.9347358409
530 330 3.40484138765 -24.9040292302 3.98133279204
530 330 13.1604015819 -20.8306995335 5.90318855677
562 306 -14.3336352927 10.5102197652 14.6257938133
426 362 13.4078859696 -7.6297396569 -23.4562619777
542 306 -1.71178801414 -16.5625584324 16.2519280763
534 302 -12.2211424994 6.82965463806 15.0406928958
522 266 17.4668641646 -5.00090628465 21.2021582265
402 402 -8.86779093739 -22.4280973877 -11.4468076248
570 298 -13.7109042147 4.31643591278 10.6841707729
554 306 11.2296246608 -7.85955271863 7.52938315613
542 310 -0.153680827808 -20.1528279464 23.0016721857
542 306 3.92402752525 16.498238474 16.0051329998
402 338 21.7341613963 11.1323781549 -18.2849162412
550 306 11.2727193633 -8.21851836126 7.58613291076
526 262 17.4252623074 -6.30174711378 22.4706253483
542 310 -13.9953489954 15.3578990157 22.6351167579
538 302 -2.96171278782 -11.64033907 6.97549267626
538 310 13.0807361798 -16.7363772911 25.8718567083
546 326 -15.6165765762 19.8443689657 8.720007859
538 310 0.60059478389 -20.5075801659 24.4063877695
518 270 17.3785766123 -4.78611517575 19.0554807671
562 302 -10.7937097358 6.03446702071 2.84758964939
394 406 12.2057369063 22.0520680669 -1.74108766682
546 306 12.2444525039 -9.20864884126 11.1526427329
294 338 18.4694300663 15.4250462198 -21.2335957798
510 274 15.9495105981 12.0658410619 19.4086733164
538 306 -14.6165959847 10.037363453 22.7011815667
530 294 -10.4821799909 5.60545558547 5.61760022588
518 266 14.5398106429 10.8584423184 20.3767942385
518 270 13.7202481821 9.56806263412 18.3836086758
518 278 16.53210677 -4.27078383586 18.391525663
430 362 -8.77704649502 -15.8489903226 -24.5490249952
518 274 12.8620952717 9.10150255577 17.8207434148
534 298 8.45690946275 -6.27462051895 3.66048335633
430 362 16.9114039269 -6.93555644004 -23.4856611583
566 302 -12.9616764046 7.42117724413 9.36905483563
346 410 6.45012725189 23.3433262222 16.9072294039
394 390 -4.79735099549 -21.5786893672 -19.6533891889
538 302 4.22663504296 11.4298673155 6.29946778643
542 302 -9.47174426522 4.40170414963 0.846943928909
518 274 16.6648845334 -4.43489286173 18.562109849
538 302 -10.2537702958 4.91251783039 6.28372461469
558 302 -9.06381111512 4.82685397514 -3.04974489814
382 394 -22.5876670988 7.81504047867 1.66026053433
538 298 7.55840005634 -6.01312313114 -1.0905481604
346 314 17.8293597463 -15.1605797421 -14.8118485552
538 298 -2.91325828443 -7.58949150469 -2.97831050149
402 350 -12.5407382814 -18.6597943238 -23.6543955362
430 362 -16.490722109 6.47093752567 -21.9890121115
374 370 17.0961069077 16.6402123495 -16.9692035682
382 394 21.2961249774 -12.2417002767 2.10058937279
538 298 3.68778241905 7.78067707618 -3.13455468664
554 302 -8.21003750498 3.66830159525 -4.62681287395
538 314 -1.92801358824 21.3194189815 23.2671972182
546 302 -8.56829179234 4.08653468082 -2.8786465216
550 302 -8.24739884768 3.76121441289 -4.2305612059
390 366 -19.8171207747 13.6098095699 -21.6786782289
542 298 -7.35053539581 3.99389138254 -5.12905840241
542 314 -1.51004286493 20.8557355073 23.328786798
382 390 21.189042453 -11.4628298326 -3.09903118953
522 266 13.4324387668 9.51811962382 20.1614804865
522 354 1.38238120438 -24.4772906951 -21.368497045
530 258 16.2227329692 -8.60259478648 23.1355238162
574 294 14.3974481288 -8.50952063952 13.9444136015
294 338 -23.7304144889 -1.94848615606 -19.814019925
342 314 7.10357293412 20.8650803079 -16.0093072639
566 298 -11.2808510941 3.93913253011 3.61163340325
526 258 18.0838094666 -8.62103224673 22.7964626623
526 266 15.4661914485 -5.33476358683 19.4123458203
522 262 14.4390235153 11.0206956983 20.8863014758
530 262 15.1140885685 -7.08874561075 21.4266453295
538 326 13.6096165131 -19.5600477429 9.61118620957
562 302 11.0039255585 -6.41063795575 5.61110301492
538 302 9.64337370542 -7.01883620957 8.3725299435
522 270 15.2807611438 -4.40791628407 18.2513635655
542 302 9.13312131925 -6.47067692427 3.55326363597
426 362 9.17682051015 11.1621592645 -22.8857962063
542 298 7.52845383628 -5.64388968476 -2.81228067724
542 302 -2.58074312427 -9.81102089428 1.36221051419
526 262 12.8322936942 10.436100489 21.3577648251
574 294 -14.5412178615 4.66999023968 12.3130155668
534 254 10.5389765332 14.4916315338 24.355344553
542 326 -14.4241633143 20.5493858998 8.01120102535
522 270 11.6406538293 8.72077018797 17.1424309952
566 298 11.0907408492 -5.89105171 6.48042117146
570 294 -12.9069036951 3.21393697899 9.10373138006
534 254 16.8396866443 -9.71998867754 24.616708321
390 406 -10.0755180809 -21.9679883414 4.56582400155
530 258 10.7613104205 12.2553257394 22.0299604714
546 298 -7.5859165662 3.76492394165 -5.6002766397
506 294 14.4859667673 15.4775026162 4.61654472787
530 294 -4.76733396715 -11.6219647537 5.4456618374
346 314 -5.54388376994 -21.3643987464 -13.7539288193
538 314 11.9818038215 -18.8130445238 25.0317102645
542 302 3.25100900092 9.81556715477 0.836867255616
546 302 8.34486826001 -5.70297063659 0.152866790152
542 298 -2.69467790557 -6.78091608884 -5.21580307293
358 318 -18.6977289005 14.3606212393 -22.3992316727
526 266 10.7845914177 9.2976271517 18.4756489077
530 262 9.9067057382 10.6274120113 20.4625178751
558 302 9.30338314274 -4.97994853579 0.0874230166435
534 310 1.16139524342 -20.9777172135 25.0428328894
526 258 13.1380366133 12.6374561673 22.233551333
570 294 12.7046633455 -6.78770578767 10.992083881
554 302 8.45113624348 -4.41392953083 -1.55469154536
394 390 17.0430178362 -14.8116708325 -20.9243934305
550 302 8.23140782498 -4.99088234604 -1.10925634932
390 406 19.3145371503 -14.8745294263 4.85764556829
426 362 -13.3339110564 7.18141378584 -21.9253611985
542 298 3.30767518881 6.928133752 -5.40553029136
538 326 -13.4550783722 20.7498348661 7.58384446673
546 298 7.75858577174 -5.39593849939 -3.06380855128
522 354 -13.9151070522 18.9344937563 -20.9044758813
546 302 -2.08864611728 -8.3137063628 -2.67946169186
538 314 2.91383195918 -21.0344756947 22.9737435579
506 294 21.5738354719 -7.96514457816 4.4203043224
506 294 -21.174336122 7.12150652458 4.77973172261
546 298 -2.5263294957 -6.98621371229 -5.64116634521
538 326 -1.14149755744 23.7072072818 8.0202765405
546 302 2.60039690561 8.36856865462 -3.49827928846
534 254 -17.130629677 8.13163730888 26.1405369074
546 298 3.04239344872 7.16747887445 -6.07959094291
522 354 -3.39972340864 25.1647401479 -21.7048828972
534 254 -5.01203358178 -16.8482577445 23.3316630809
570 294 7.1521081707 10.5892009112 9.58749988767
390 406 13.0308029714 20.6423394914 2.53220703102
