21.529 321.13 342.83 437.93
53.318 174.54 138.71 418.87
68.454 213.86 485.94 315.89
103.84 7.8414 111.45 103.05
108.15 26.489 497.14 221.16
124.84 5.9063 346.38 451.89
138.72 158.94 262.97 467
138.59 166.73 478.73 320.07
140.08 98.928 100.29 324.85
150 143.78 418.27 417.01
149.77 373.82 64.647 254.55
157.78 281.08 263.53 399.15
162.02 193.1 120.36 29.04
163.27 288.54 544.07 361.81
167.93 397.77 74.996 272.73
175.33 153.93 556.67 14.746
175.49 311.57 520.51 22.062
184.43 280.83 133.5 468.51
185.46 405.12 90.08 279.98
208.46 349.86 404.2 470.22
207.89 371.53 105.4 245.1
212.17 275.18 337.18 439.39
215.02 256.69 403.11 344.79
215.02 256.69 544.07 361.81
217.17 207.06 329.96 33.537
218.85 467.8 599.62 418.86
225.01 175.19 334.29 383.9
248.79 390.59 19.571 190.15
251.36 395.74 145.86 271.09
284.6 108.25 485.94 315.89
292.92 436.02 544.07 361.81
295.86 340.54 186.24 226.08
315.29 315.49 588.21 27.693
318.98 79.828 118.89 359.28
333.96 423.15 588.21 27.693
346.5 80.426 302.03 234.11
346.5 80.426 138.71 418.87
355.02 121.43 537.9 424.86
358.2 172.97 17.354 98.01
362.87 291.4 442.03 151.18
363.12 321.34 441 178.91
365.39 114.59 314.27 346.66
380.7 462.71 57.602 128.34
382.05 166.16 39.868 97.732
392.68 208.92 482.26 225.04
403.27 128.3 110.84 325.97
408.19 286.72 368.83 369.82
409.43 373.51 504.46 115.15
412.95 329.31 483.32 178.2
426.1 324.49 495.9 172.13
427.36 304.45 497.36 155.05
439.08 394.56 504.46 115.15
449.57 233.99 460.13 135.91
461.25 309.77 525.33 154.91
475.53 77.984 115.64 135.9
478.29 228.83 538 96.749
482.08 439.11 93.127 310.59
484.58 77.984 175.97 129.75
485.96 387.78 505.95 103.34
490.96 177.02 576.63 227.66
497.27 84.38 113.07 144.25
504.29 379.98 557.3 220.81
509.07 421.94 218.62 39.879
510.67 279.87 564.83 129.5
510.67 279.87 564.83 129.5
522.25 40.033 502.67 444.48
525.7 353.97 574.7 202.1
528.32 379.61 576.63 227.66
537.14 358.66 584.68 208.1
538.06 346.02 585.85 196.45
541.18 328.31 588.86 180.09
548.65 423.28 291.11 207.34
555.67 303.1 599.77 161.01
565.66 308.38 608.63 167.45
567.98 34.813 557.81 340.44
576.12 158.85 425.92 368.37
576.12 158.85 425.92 368.37
581 281.49 56.813 71.037
581.78 454.61 246.84 310.43
590.84 186.44 464.44 444.88
590.92 225.88 527.1 237.5
598.92 90.19 39.764 444.29
600.71 205.17 382.06 287.52
600.71 205.17 138.71 418.87
600.71 205.17 382.06 287.52
602.03 35.895 219.29 69.058
604.55 103.35 487.78 449.17
603.94 286.54 100.29 324.85
606.49 396.35 284.82 413.15
636.42 403.23 252.1 101.54
154.15 348.38 62.15 228.2
154.15 348.38 62.15 228.2
156.32 403.6 65.038 279.19
155.65 377.34 64.647 254.55
160.97 301.4 68.289 188.57
177.78 282.98 85.013 175.9
180.03 327.41 82.319 208.48
180.03 327.41 82.319 208.48
185.22 320.29 87.335 203.37
235.59 361.98 130.33 242.05
237.3 295.8 133.56 183.99
250.49 287.68 143.88 177.84
255.19 303.24 152.32 194.42
272.86 276.85 166.43 171.12
282.19 282.68 174.24 175.77
302.81 314.11 191.89 203.91
380.59 310.09 455.98 165.07
383.42 278.86 460.13 135.91
394.15 317.62 468.01 170.53
395.18 304.09 469.26 158.56
410.98 345.92 480.93 194.33
414.95 297.99 486.65 149.2
434.2 259.56 504.46 115.15
437.86 241.22 505.95 103.34
439.73 379.32 504.67 220.13
444 349.3 509.68 192.1
449.95 284.27 516.88 132.23
456.15 271.81 522.26 123.15
481.89 189.21 497.36 155.05
484.69 400.9 558.08 76.148
503.13 198.48 558.08 76.148
508.17 350.86 561.4 193.02
507.82 373.4 561.11 215.8
513.86 341.6 567.17 186.73
519.01 309.53 572.36 157.06
539.09 321.73 587.19 174.07
559.14 284.92 505.95 103.34
564.03 277.2 606.71 137.84
135.94 335.31 47.472 219
148.17 356.91 199.15 200.84
150.44 382.46 61.384 260.16
198.4 308.65 100.41 194.84
205.49 341.42 103.61 219.92
225.75 377.97 120.29 252.74
226.49 258.94 128.29 157.18
226.79 292.48 124.73 182.25
228.93 270.39 129.31 166.24
228.93 270.39 206.14 208.32
244.4 304.33 139.17 191.62
245.72 284.16 143.88 177.84
255.18 222.78 155.92 130.03
256.62 291.55 152.35 183.48
277.75 254.45 172.24 154.28
283.64 366.56 175.76 248.51
364.89 226.91 446.19 93.394
385.1 358.94 457.8 210.72
390.09 232.87 467.55 96.897
413.91 378.78 482.26 225.04
437.09 241.31 505.95 103.34
442.09 206.13 507.71 80.462
445.84 375.02 510.24 216.13
465.81 166.61 526.53 55.102
474.35 223.43 534.67 92.643
474.56 189.16 534.66 69.246
492.56 299.23 551.86 141.97
502.57 205.95 556.85 81.434
514.33 317.7 567.24 163.31
515.56 240.41 568.56 104.07
515.56 240.41 568.56 104.07
525.5 343.06 532.19 102.59
530.06 358.88 581.17 202.74
534.18 329.84 582.47 179.99
553.92 340.14 597.73 195.12
558.07 332.45 602.07 188.94
131.83 357.23 44.422 238.38
155.51 332.33 62.643 213.35
167.53 268.58 79.288 167.88
177.05 332.12 79.42 213.2
204.3 239.22 113.07 144.25
206.07 302.32 106.48 189.84
213.31 367.88 109.61 242.62
223.62 379.28 120.29 252.74
226.11 406.24 120.06 281.26
230.55 338.36 127.53 221.09
256.95 291.61 152.35 183.48
265.46 347.46 124.73 182.25
274.61 313.81 167.58 203.51
279.53 340.88 169.95 225.51
279.53 340.88 169.95 225.51
292.17 358.98 184.3 241.81
379.97 280.57 535.92 81.707
388.89 308.6 463.36 162.31
390.41 277.56 465.92 133.88
416.46 355.96 485.52 203.05
445.68 375.68 510.24 216.13
451 345.65 515.74 188.4
451 345.65 515.74 188.4
466.55 167.12 526.53 55.102
474.37 418.6 532.57 252.45
478.17 395.4 537.52 229.91
502.69 206.14 556.85 81.434
509.09 240.73 562.85 104.38
533.01 352.6 581.17 202.74
563.81 341.26 606.93 197.59
569.92 241.52 612.39 106.87
133.47 296.65 223.44 190.27
202.83 345.39 101.03 222.87
217.67 342.16 113.45 218.64
241.6 380.6 134.72 254.56
261.9 331.4 152.92 214.34
261.9 331.4 152.92 214.34
287.51 308.25 178.1 197.79
391.14 242.93 468.01 104.04
439.13 354.84 502.65 197.21
445.11 400.16 509.26 239.84
458.58 281.65 523.74 130.81
482.59 365.2 542.12 201.53
488.3 332.13 547.12 171.13
498.51 340.62 555.2 179.62
519.75 352.21 570.89 198.19
544.16 259.98 592.01 118.39
551.6 298.17 597.23 153.91
556.99 265.74 601.91 126.1
195.44 311.46 97.586 197.68
391.52 225.89 468.35 92.677
404.46 298.36 476.96 151.35
450.38 222.74 517.05 92.284
453.14 260.48 518.14 115.84
461.11 369.69 523.79 209.6
469.27 340.2 531.79 181.5
473.88 417.09 532.57 252.45
475.13 206.49 535.92 81.707
481.53 240.82 539.47 103.02
493.48 374.76 549.81 213.29
508.89 223.24 563.17 92.987
526.51 318.55 577.08 167.93
536.82 239.18 585.82 103.4
176.41 268.87 85.308 167.13
244.72 384.35 139.59 260.15
420.47 241.97 491.94 103.44
437.46 320.94 504.62 167.98
169.72 320.99 79.42 213.2
210.45 269.54 113.89 168.86
489.36 279.59 548.72 128.88
521.9 290.8 577.09 140.1
565.52 312.45 599.82 84.967
575.83 245.34 619.71 108.36
376.68 344.88 450.74 197.43
423.84 206.38 494.9 79.681
467 400.13 527.1 237.5
489.19 322.79 550.32 166.15
154.13 342.68 68.849 228.55
