35 186 110.91 271.61
37 292 110.08 286.96
72 466 114.68 621.5
98 535 170.03 565.11
103 511 575.96 354.5
109 679 293.59 697.33
119 529 149.32 538.07
127 575 136.38 575.42
138 438 126.63 582.99
156 493 143.2 547.44
157 500 143.9 624.38
157 564 193.86 528.26
170 672 901.58 166.23
170 77 85.357 661.65
185 635 169.94 328.99
185 635 54.453 337.63
73 545 112.47 637.4
118 612 147.25 600.62
126 532 202.68 539.06
126 532 156.64 539.64
130 488 160.36 634.78
145 497 134.79 552.27
159 586 147.25 600.62
212 341 682.13 249.62
213 448 204.52 280.38
89 427 539.69 560.75
13 491 15.366 100.59
26 54 916.48 373.04
37 446 75.189 550.83
74 640 140.48 654.52
89 487 181.36 570.23
103 477 176.22 456.72
106 619 155.15 670.09
109 36 79.777 283.55
118 540 139.04 582
150 569 139.04 582
184 53 74.25 587.39
195 628 257.03 579.57
202 248 79.777 283.55
33 696 243.23 341.4
111 339 62.49 355.12
122 509 151.92 539.13
34 113 79.086 67.254
98 299 108.8 276.59
135 536 141.62 628.96
74 247 763.23 315.1
142 114 120.9 55.94
163 23 178.45 19.943
141 37 147.82 82.055
177 281 211.08 271.15
207 451 196.38 37.389
58 473 633.67 510.6
67 646 478.31 289.15
78 395 196.12 402.99
95 696 336.89 581.74
105 444 177.37 583.12
105 596 177.37 583.12
60 483 635 515.49
165 547 224.15 614.55
77 601 122.81 554.48
155 422 550.66 460.47
295 220 396.94 390.86
332 562 395.89 593.05
375 430 363.93 508.93
379 552 393.11 483.35
398 247 364.05 577.88
403 293 339.55 399.64
462 365 31.494 303.06
286 404 333.15 633.47
421 197 839.85 236.67
446 390 257.96 673.43
449 212 598.82 533.74
356 546 731.97 685.11
385 464 402.53 454.45
420 430 359.56 436.31
431 399 442.33 447.94
330 431 395.41 489.59
330 445 397.01 544.43
403 147 358 136.31
426 223 346.5 449.96
459 226 777.32 29.82
408 241 408.12 227.73
326 303 333.51 252.29
361 317 703.71 461.25
400 491 336.26 516.06
410 343 817.5 381.87
417 163 635.51 234.91
421 264 405.98 474.91
446 408 368.59 341.66
454 300 318.97 445.49
327 445 391.83 468.73
327 462 391.83 468.73
328 472 391.83 468.73
328 481 391.83 468.73
339 572 25.254 460.92
352 584 150.94 468.68
273 451 402.53 454.45
278 544 225.24 435.56
306 482 438.08 477.05
403 459 340.3 464.3
293 482 339.68 467.56
400 355 352.93 312.09
280 266 29.722 25.076
333 513 395.96 506.24
342 467 405.98 474.91
375 196 576.15 421.56
399 491 336.26 516.06
397 197 573.31 256.74
437 398 377.83 355.67
239 307 831.6 481.2
518 473 218.89 439.06
520 252 517.48 491.08
520 252 500.41 327.2
527 415 959.94 416.3
528 298 526.71 534.99
559 443 511.11 479.19
560 464 503.91 473.64
571 457 218.89 524.09
582 265 228.98 455.3
560 238 522.72 268.36
603 208 822.06 534.08
459 226 777.32 29.82
515 464 564.84 318.13
518 523 111.71 529.9
519 527 559.96 520.08
527 557 122.69 593.16
556 474 513.98 500.93
559 487 551.86 489.35
565 550 192.23 627.51
567 297 502.75 328.85
574 352 580.88 474.41
576 255 564.84 318.13
529 353 702.95 532.55
541 206 465.59 238.01
541 206 472.98 238.14
548 204 465.59 238.01
577 390 490.45 449.03
577 390 402.53 454.45
505 269 507.7 477.31
513 210 472.98 238.14
513 210 472.98 238.14
520 209 472.98 238.14
521 215 480.44 242.9
521 481 554.28 528.97
524 435 134.22 436.25
527 208 472.98 238.14
527 208 472.98 238.14
528 214 480.44 242.9
534 207 472.98 238.14
534 207 472.98 238.14
535 212 480.44 242.9
535 212 480.44 242.9
540 495 547.41 519.82
541 206 472.98 238.14
552 237 489.79 269.61
553 358 78.971 89.909
563 470 645.55 354.91
574 515 552.02 479.01
509 205 469.08 233.26
537 289 627.87 288.77
548 271 509.04 299.59
557 466 627.38 281.07
557 466 496.39 294.81
573 268 618.73 277.99
619 506 360.43 272.37
604 340 292.3 464.35
507 276 510.52 512.21
524 456 508.31 518.35
527 462 492.14 300.75
532 284 641.16 291.54
551 480 154.96 462.11
564 497 510.52 512.21
566 491 675.71 530.15
567 262 621.55 273.83
569 274 507.34 506.07
646 280 460.47 712.43
666 293 236.13 456.45
670 466 689.28 482.64
672 349 611.68 278.71
682 413 656.92 441.73
711 227 519.77 541.41
719 442 161.17 328.41
733 488 526.71 534.99
744 506 612.13 286.53
758 417 279.99 233.35
664 466 40.93 605.67
668 325 617.47 379.74
720 331 668.26 289.42
726 135 603.84 349.14
731 343 668.26 289.42
738 171 683.06 184.56
675 308 618.73 277.99
679 255 633.31 366.73
697 253 633.31 366.73
705 248 655.6 321.6
713 234 645.43 303
714 242 628.15 296.56
721 315 655.6 321.6
721 323 647.08 318.43
723 245 618.73 277.99
727 277 674.96 343.51
728 147 397.47 78.15
730 318 622.17 332.29
730 318 619.93 301.18
730 309 672.45 312.36
700 332 504.03 331.65
711 478 533.64 502.39
731 130 807.28 392.14
731 130 682.13 249.62
731 491 536.49 545.07
737 195 555.6 404.72
742 513 500.13 566.33
659 437 453.31 452.75
675 219 727.3 413.07
690 270 661.34 297.59
708 237 508.4 496.86
717 232 533.62 495.71
678 295 666.84 293.31
679 311 621.99 281.28
680 226 662.45 258.06
694 257 646.13 268.11
695 285 659.61 333.11
714 307 658.39 317.44
724 298 489.83 318.24
726 314 628.61 375.07
727 343 625.4 300.79
737 457 481.06 341.6
716 136 801.53 590.71
665 396 459.71 397.39
665 396 459.71 397.39
781 355 668.26 289.42
799 366 729.71 517.54
847 441 584.24 412.01
775 359 622.92 339.95
821 368 674.96 343.51
776 343 726.82 375.77
810 374 554.46 335.23
810 497 661.9 539.61
821 500 672.96 383.38
825 496 554.28 528.97
796 461 645.86 492.88
798 498 647.83 539.94
803 373 542.56 331.55
807 497 658.35 539.36
809 324 479.57 254.82
825 470 223.13 610.76
788 316 530.42 250
849 476 492.36 708.66
785 430 676.67 448.77
240 690 311.39 718.18
257 696 342.03 724.51
270 696 342.03 724.51
277 685 342.22 711.84
310 675 387.61 698.86
310 675 387.61 698.86
343 682 416.93 708.55
349 640 419.76 664.57
465 646 393.22 107.33
488 667 542.94 692.12
532 136 240.83 694.85
557 659 341.05 562.24
621 693 696.91 715.45
685 623 787.14 591.51
691 589 679.72 614.49
692 707 477.53 489.08
783 554 629.47 635.72
786 604 777.59 628.02
870 551 807.63 579.3
893 351 685.03 433.05
904 444 685.03 433.05
915 430 915.23 125.74
106 700 341.05 562.24
150 715 782.96 594.01
266 697 338.32 725.12
341 690 417.49 716.68
389 677 463.74 702.78
402 655 472.01 678.82
442 668 501.37 693.28
482 655 532.66 680.46
512 138 465.25 166.26
883 570 843.67 596.97
284 680 347.82 707.54
314 687 454.83 478.29
348 646 419.42 668.25
349 682 424.49 708.24
365 683 441.17 708.78
393 643 462.89 667.17
586 679 779.84 12.782
728 655 405.03 363.52
745 579 718.35 605.5
842 690 874.89 367.2
149 717 731.41 438.92
163 719 807.28 392.14
281 677 343.75 704.07
287 682 351.36 709.17
375 680 451.43 705.12
375 680 451.43 705.12
436 686 819.34 320.84
475 707 123.39 330.62
487 652 536.58 677.25
515 137 468.79 165.43
535 639 574.15 664.19
770 593 748.33 619.2
887 343 578.19 412.17
898 428 753.96 467.85
228 690 297.62 718.24
462 661 516.69 686.05
473 655 525.14 680.59
597 124 451.25 450.23
819 599 805.94 624.31
819 599 805.94 624.31
928 427 578.19 412.17
266 684 331.56 712.01
267 674 332.26 701.12
328 652 401.35 677.16
354 680 429.74 706.22
766 721 169.73 365.28
768 615 390.23 341.76
872 554 810.2 582.23
901 529 762.42 591.66
914 524 762.42 591.66
964 607 14.834 599.12
539 137 550.17 160.47
798 705 417.34 386.73
859 445 685.03 433.05
959 412 893.77 442.32
457 699 387.36 501.54
574 693 476.59 169.16
905 568 836.25 609.83
385 686 460.47 712.43
681 646 438.08 477.05
759 262 225.24 435.56
349 703 438.08 477.05
453 657 507.72 682.14
601 702 730.98 697.48
464 142 38.705 423.08
806 565 762.42 591.66
677 654 716.94 677.81
777 611 776.88 634.39
783 557 740.9 584.83
370 682 344.14 289.44
575 629 599.31 654.74
541 130 857.15 264.89
544 168 412.23 497.36
717 564 697.74 588.94
8 311 43.493 314.84
17 246 55.883 244.89
17 473 51.559 488.02
21 197 63.103 193.44
23 517 58.094 535.45
25 234 66.468 233.39
28 519 63.428 536.52
31 338 71.504 344.04
31 452 69.16 465.58
35 302 76.362 304.88
36 346 77.127 351.49
37 361 77.756 367.22
38 174 82.581 170.84
43 47 90.858 38.739
44 461 85.505 474.9
59 284 105.07 287.11
62 283 110.08 286.96
65 324 112.23 330.55
66 561 108.81 582.75
68 588 110.55 611.52
72 425 117.61 437.12
72 425 117.61 437.12
73 637 117.06 663.66
77 340 126.13 347.45
82 382 130.39 392.03
87 447 136.58 460.79
88 364 139.54 373.57
89 293 140.34 297.84
90 274 142.43 278.63
96 283 149.84 288.06
100 454 150.94 468.68
100 454 150.94 468.68
102 468 153.03 482.96
103 532 153.63 551.29
104 536 154.43 556.07
107 33 165.34 29.436
109 292 164.54 298
114 272 171.03 276.76
119 141 178.24 142.18
121 457 175.81 472.31
123 260 182.56 265.43
127 322 185.15 329.75
130 236 189.88 240.47
131 274 189.89 280.27
135 113 196.57 114.31
136 665 190.17 692.81
137 532 194 551.85
141 333 200.31 342.26
152 243 215.13 248.71
157 337 218.95 347.33
159 460 220 475.48
159 527 218.97 546.07
163 564 222.85 585.33
167 336 230.06 346.81
168 296 232.38 305.41
174 336 237.91 346.1
180 561 242.49 582.64
181 417 245.62 431.64
182 439 247 454.19
189 449 254.53 464.51
192 298 259.38 308.06
196 561 260.35 582.08
204 246 273.89 255.43
205 164 275.24 171.69
209 164 279.31 171.58
211 437 278.6 451.5
212 397 280.32 410.47
212 351 282.08 363.7
219 516 287.72 534.82
228 283 300 293.91
8 522 41.179 539.71
10 301 48.267 303.5
13 119 52.986 110.75
17 342 54.109 346.7
21 145 64.024 138.76
36 584 72.486 607.38
37 137 82.128 131.05
37 194 82.188 190.35
37 194 82.188 190.35
38 612 74.353 637.55
39 430 80.125 441.55
45 483 85.239 498.41
46 104 93.351 97.423
52 163 98.818 159.69
53 658 92.061 686.82
55 461 97.146 475.23
56 235 103.67 235.97
59 335 104.72 341.2
60 289 105.92 292.88
64 268 110.91 271.61
65 556 108.03 576.82
65 556 108.03 576.82
67 54 118.66 48.512
77 302 126.63 307.59
84 132 137.09 130.27
85 66 140.21 61.542
88 181 142.04 181.46
106 52 164.11 49.625
107 457 158.86 471.91
109 310 164.08 317.4
113 132 171.89 131.59
121 318 177.99 325.53
124 500 177.52 517.8
125 447 181.23 459.99
125 447 181.23 459.99
125 512 179.54 530.31
126 218 185.04 222.74
129 371 186.6 382.96
129 115 189.29 115.15
130 488 184.82 504.17
140 15 204.11 14.916
140 113 203.06 115.27
144 94 207.23 95.872
144 222 205.5 227.65
148 316 209.14 325.16
153 274 214.94 282.61
153 220 216.86 226.53
156 100 222.38 102.65
156 542 216.04 562
157 359 219.41 370.86
157 359 219.41 370.86
157 454 217.46 468.55
158 439 219.74 453.68
159 432 220.32 446.81
161 610 219.78 634.74
163 32 229.53 33.668
165 241 229.64 247.97
167 441 228.98 455.3
168 262 232.74 268.91
168 262 232.74 268.91
175 158 241.62 162.87
175 177 241.71 182.43
179 568 241.72 589.44
180 126 248.56 130.62
181 227 247.95 234.76
184 238 252.71 246.19
184 84 253.24 89.157
190 562 254.47 583.3
197 140 267.12 146.74
205 51 276.96 56.769
207 383 274.66 396.08
211 266 280.8 275.7
212 655 277.58 680.86
214 182 285.15 189.64
218 141 289.34 149.3
12 295 50.865 295.72
13 158 53.28 152.87
16 488 51.345 503.03
16 531 49.757 550.55
21 185 62.203 181.13
24 320 62.978 323.94
34 547 71.413 567.13
34 272 76.699 273.76
44 261 87.993 262.33
44 161 91.588 157.13
47 504 86.004 521.49
51 169 97.481 166.41
52 308 96.465 312.75
54 246 100.87 247.2
58 229 105.27 229.39
61 197 110.26 195.89
66 277 113.3 279.64
66 440 111.68 452.46
68 215 116.95 215.34
69 306 118.43 311.36
72 297 120.52 301.57
72 494 116.31 510.27
76 118 128.73 114.78
82 173 134.8 174.13
83 154 136.07 153.27
89 427 138.44 439.77
89 647 135.34 674.48
106 53 164.11 49.625
110 422 162.58 434.87
115 280 171.17 286.17
116 288 172.05 294.71
128 554 182.48 575.01
132 126 192.85 127.4
145 520 202.68 539.06
150 73 213.54 74.134
158 150 223.46 154.31
159 35 225.51 35.768
162 313 225.32 322.71
163 520 223.62 539.01
170 565 230.74 585.85
170 565 230.74 585.85
171 432 233.95 446.03
173 240 239.26 247.23
173 240 239.26 247.23
175 420 238.27 433.88
179 20 247.84 22.951
180 429 243.69 444.14
182 300 247.46 310.27
182 300 247.46 310.27
187 430 252.72 444.85
189 597 253.52 620.35
190 155 257.86 162.76
191 206 259.55 213.92
193 281 261.16 289.55
198 450 264.32 465.95
203 506 269.26 522.6
228 305 299.61 317.27
7 547 38.331 567.01
9 117 50.153 109.1
12 525 44.848 543.01
13 442 47.647 453.41
16 350 53.802 356.02
20 312 59.204 315.45
20 456 56.276 469.16
23 37 67.996 26.285
24 349 62.49 355.12
25 73 69.265 63.511
32 62 78.611 52.965
37 587 73.321 610.71
49 598 88.404 622.57
50 521 89.996 538.74
57 486 99.924 501.85
58 547 99.336 568.09
60 45 110.34 37.807
68 631 110.19 657.52
83 380 132.1 388.51
87 134 140.47 132.67
87 310 137.57 315.99
102 265 155.67 270.07
102 567 151.35 588.01
102 546 152.54 566.14
103 633 151 659.61
106 360 160 368.92
106 530 157.1 549.17
112 100 170.64 99.663
113 264 170.68 269
119 383 174.47 394.86
121 338 177.55 346.58
121 580 173.89 603.12
122 532 175.13 551.39
128 594 180.83 617.84
130 428 186.18 441.06
131 363 189.19 372.65
137 116 198.51 117.01
137 116 198.51 117.01
138 335 197.49 344.42
141 404 199.31 417.04
142 330 202.36 338.95
144 557 201.62 577.96
146 642 201.76 668.35
155 546 214.21 566.65
159 354 221.25 364.44
164 333 227.55 343.27
167 339 230.55 349.78
183 225 250.47 232.34
186 210 254.24 217.2
190 296 256.78 306.89
199 213 269.17 221.24
216 108 288.1 114.89
227 154 299.82 162.9
228 358 298.87 370.46
8 279 45.103 279.17
12 554 44.037 574.79
14 42 57.885 31.312
34 76 79.086 67.254
55 368 99.339 377.66
56 345 101.05 352.49
71 344 119.14 350.73
73 550 117.98 570.33
78 326 128.16 332.52
80 197 130.35 197.56
82 209 134.57 210.61
88 508 136.13 526.02
90 651 135.78 678.76
95 267 149.34 271.34
98 473 148.74 488.53
105 354 158.22 363.27
107 466 158.96 480.85
111 592 162.06 615.87
121 447 176.64 460.9
122 465 176.65 480.19
122 492 176.6 508.77
122 602 174.48 626.29
122 556 175.66 576.93
125 257 184.34 262.65
125 381 181.95 392.7
127 118 187.36 119.03
132 208 192.34 211.83
133 396 191 407.73
145 423 203.96 436.35
147 485 204.77 501.48
154 357 215.91 368.89
161 239 225.15 245.96
162 490 223.24 506.24
162 273 226.1 281.1
172 263 236.83 270.98
189 475 254.6 492.44
191 493 256.25 510.76
199 119 269.11 125.57
202 329 270.54 340.39
209 140 280.35 147.01
212 486 279.75 503.11
223 468 292.43 484.85
223 272 294.61 282.98
224 42 297.63 49.094
229 468 298.53 484.42
10 142 50.321 134.42
10 104 51.41 94.973
11 66 53.076 54.766
25 478 61.834 492.4
49 437 90.342 449.63
49 333 93.391 338.12
62 273 108.8 276.59
68 512 111.71 529.9
68 469 113.31 484.06
72 198 121.62 197.07
92 341 142.82 349.06
94 371 146.25 380.6
95 605 141.62 628.96
97 320 150.09 326.88
106 511 157.49 529.3
113 505 165.93 522.03
114 365 169.13 373.48
126 387 182.7 398.08
126 337 183.59 346.4
134 416 191.79 428.19
134 416 191.79 428.19
136 426 194.25 439.29
138 303 197.38 310.92
140 342 199.51 351.87
142 501 199.22 518.35
148 129 211.78 132.16
150 257 212.37 262.89
154 334 215.93 343.68
187 113 255.68 118.83
193 430 258.47 445.03
193 430 258.47 445.03
199 470 264.86 486.42
221 164 293.47 172.3
221 164 293.47 172.3
223 468 292.43 484.85
13 205 52.67 201.71
15 224 53.905 221.79
15 224 53.905 221.79
17 487 51.345 503.03
20 243 59.306 242.08
20 243 59.306 242.08
26 301 66.482 303.46
26 301 66.482 303.46
29 456 66.735 468.96
31 108 75.488 100.91
31 282 73.528 283.76
40 200 84.593 198.56
42 319 84.018 323.47
46 191 92.246 189.05
46 191 92.246 189.05
53 122 100.76 117.07
53 122 100.76 117.07
59 378 104.26 385.85
63 36 113.9 28.608
66 276 113.3 279.64
66 440 111.68 452.46
67 482 111.65 496.89
68 226 116.51 227.2
69 62 120.9 55.94
68 89 120.16 84.709
68 89 120.16 84.709
69 109 120.63 105.44
69 33 122.07 26.318
72 80 124.54 74.786
79 165 129.76 164.41
85 106 140.61 103.22
91 58 146.33 54.193
93 28 149.51 23.474
93 28 149.51 23.474
96 314 149.1 321.31
105 45 164.01 41.297
104 54 160.62 51.671
105 92 162.43 90.463
108 300 164.45 306.32
114 71 173.38 69.421
119 158 178.52 159.6
119 198 177.56 201.72
123 108 182.93 108.07
124 268 182.63 274.4
126 137 186.17 138.66
129 87 190.49 87.476
129 197 189.28 200.85
130 255 190.25 260.37
130 277 189.71 283.54
130 277 189.71 283.54
132 288 191.86 294.37
137 410 195.39 423.19
140 17 203.95 16.606
141 75 204.47 75.682
142 114 204.45 116.39
142 194 203.47 198.53
142 194 203.47 198.53
144 124 206.93 126.42
150 45 213.77 45.617
152 35 217.14 35.739
151 124 215.1 126.67
155 24 220.38 24.623
166 40 233.09 42.603
166 40 233.09 42.603
166 40 233.09 42.603
167 70 233.5 72.116
170 531 231.6 549.7
170 60 237.1 63.054
172 161 238.25 166.24
180 58 248.96 61.121
180 429 243.69 444.14
182 114 250.69 118.35
186 108 255.44 112.88
187 430 252.72 444.85
190 36 260.2 40.01
193 187 261.77 194.23
195 16 266.19 19.462
196 176 264.72 183.38
198 92 267.67 97.751
198 114 269.03 120.58
203 123 274.44 129.36
209 131 279.94 139.33
209 194 279.59 202.9
209 234 279.88 243.4
210 495 277.31 512.87
212 276 281.55 286.65
221 103 294.58 110.61
228 306 299.61 317.27
233 511 302.83 530.02
17 167 57.397 162.99
17 273 54.879 273.84
17 273 54.879 273.84
20 214 61.405 211.22
22 194 62.725 191.04
24 508 59.65 524.43
25 81 68.889 72.077
25 571 59.286 592.75
25 529 61.092 547.65
32 183 76.377 180.07
32 183 76.377 180.07
32 183 76.377 180.07
35 145 81.113 140.26
36 163 81.294 158.73
37 221 80.291 219.66
38 604 75.122 628.91
41 290 83.017 292.58
41 432 81.146 444.16
43 171 88.074 168.07
42 309 85.61 313.24
42 453 82.348 465.82
44 115 91.362 109.28
44 151 90.605 146.86
44 210 90.154 208.27
45 229 89.232 228.38
49 258 94.481 259.6
48 527 88.58 545.57
50 238 95.468 239.04
50 238 95.468 239.04
50 279 95.963 281.38
50 318 94.629 323.15
50 506 91.107 523.1
50 506 91.107 523.1
50 297 94.252 301.16
51 570 90.15 591.48
51 548 91.759 568.38
51 548 91.759 568.38
54 64 102.33 57.788
54 64 102.33 57.788
54 102 102.48 97.025
54 180 100.95 177.52
55 604 95.399 628.47
56 26 105.19 18.452
56 46 105.66 38.537
56 46 105.66 38.537
60 111 109.42 106.84
61 286 109.24 289.4
61 306 107.67 310.85
67 316 114.57 321.67
67 316 114.57 321.67
70 177 120.75 177.36
78 41 132.8 34.841
79 204 131.02 204.33
82 134 134.92 132.3
82 284 133.42 288.47
85 68 141.1 63.45
87 86 140.53 82.897
88 202 141.88 203.11
90 115 144.14 112.64
90 115 144.14 112.64
92 303 144.79 308.83
92 47 149.01 42.435
93 143 147.36 142.22
93 95 149.39 92.245
93 163 147.86 162.57
93 163 147.86 162.57
103 55 160.62 51.671
103 102 160.51 100.52
103 151 157.9 151.11
106 321 161.17 328.41
109 412 162.54 424.58
109 140 167.02 139.97
111 43 171.02 40.614
116 100 174.57 99.599
118 188 176.79 190.57
319 531 352.41 553.01
468 238 453.37 261.9
472 437 453.2 460.73
440 241 430.96 263.32
453 499 440.28 523.22
455 368 441.28 391.7
459 238 443.2 261.39
462 354 444.91 377.91
470 541 451.33 565.8
375 448 391.83 468.73
375 464 392.25 485.5
376 472 393 493.28
422 459 421.27 481.28
438 426 432.72 451.37
467 341 449.52 364.49
468 378 450.38 401.86
466 269 450.37 292.59
267 451 325.46 469.05
372 592 387.93 617.57
425 313 422.74 334.08
466 258 450.72 281.67
239 91 307.72 100.52
306 330 348.96 347.06
372 592 387.93 617.57
385 299 398.32 318.75
419 395 419.54 418.31
264 418 323.98 435.22
320 454 353.25 473.57
325 418 359.56 436.31
343 193 372.24 210.28
372 424 389.72 444.78
377 513 393.1 535.32
377 521 393.73 544.01
379 545 394.79 569.2
379 570 394.72 595.22
423 121 420.98 141.82
456 430 441.84 454.98
467 247 451.52 270.19
469 350 451.17 373.19
469 367 450.71 390.19
471 390 452.97 413.01
358 241 381.56 258.61
423 201 421.23 221.75
423 201 421.23 221.75
233 19 302.85 26.607
264 221 323.03 232.98
266 166 324.22 177.98
300 249 345.57 263.27
300 249 345.57 263.27
313 180 353.54 194.22
325 221 360.7 235.96
330 422 364.97 440.68
400 154 407.08 174.61
402 384 409.17 405.09
235 350 305.32 362.67
457 260 442.27 283.39
236 371 305.83 384.76
352 88 377.82 104.9
401 397 407.81 418.45
409 285 411.82 303.78
250 163 314.51 174.25
280 160 332.93 173.46
324 259 360.43 272.37
427 210 423.97 230.89
440 437 432.34 458.42
468 271 452.31 293.83
469 303 452.9 326.83
335 334 366.77 350.27
408 435 412.83 454.17
365 86 385.9 105.46
314 187 354.47 202.18
448 427 437.71 451.71
232 41 302.41 48.102
232 136 304.12 147.22
236 238 306.27 249.17
313 271 353.8 286.64
313 271 353.8 286.64
414 395 416.9 418.17
448 242 436.34 264.3
462 488 446.59 512.06
263 232 322.79 246.35
408 435 412.83 454.17
380 342 395.52 363.04
380 342 395.52 363.04
451 217 438.05 237.83
243 276 310.86 290.36
339 308 370.1 326.51
468 238 453.37 261.9
472 437 453.2 460.73
485 490 465.95 514.35
489 347 472.27 370.98
508 388 491.36 412.64
513 244 498.85 270.24
515 562 496.17 588.75
516 362 499.84 386.8
536 320 520.56 345.67
537 241 522.72 268.36
537 241 522.72 268.36
557 428 540.63 453.54
565 333 550.26 359.44
566 311 551.03 338.38
566 311 551.03 338.38
576 374 560.98 400.82
592 283 577.49 311.46
459 238 443.2 261.39
473 238 458.66 261.6
476 348 459.09 371.71
478 441 460.89 465.42
488 453 469.45 478.26
493 441 474.87 465.12
495 464 477.53 489.08
499 477 480.88 501.75
501 446 483.97 470.93
502 458 483.45 483.22
506 507 486.88 532.23
506 507 486.88 532.23
507 440 489.76 464.74
507 440 489.76 464.74
509 525 489.57 550.93
509 525 489.57 550.93
523 333 507.9 357.74
523 333 507.9 357.74
526 320 510.24 345.4
528 337 513 362.53
529 373 512.11 398.22
530 248 516.26 274.85
535 342 519.89 368.17
540 418 522.59 443.62
563 357 547.08 383.85
565 345 550.17 371.46
567 351 552.11 377.36
571 375 555.87 400.97
583 349 567.03 376.2
586 337 570.41 364.39
587 373 571.12 400.17
588 295 572.37 323.42
593 372 577.64 399.2
601 439 585.02 465.29
601 439 585.02 465.29
602 420 585.42 445.89
467 341 449.52 364.49
468 378 450.38 401.86
474 280 458.7 303.53
474 280 458.7 303.53
474 291 458.43 314.94
474 454 454.83 478.29
477 315 460.73 338.57
477 383 458.94 406.81
477 383 458.94 406.81
477 246 461.81 270.09
479 502 459.78 527.26
480 466 461.43 490.28
484 552 463.98 578.74
485 353 467.93 376.74
489 320 472.44 343.62
489 320 472.44 343.62
490 496 471.2 520.81
491 520 471.07 545.31
493 545 473.04 571.09
494 389 476.39 413.01
494 476 475.68 501.26
495 352 478.47 376.44
496 234 481.58 259.25
497 489 478.73 514.31
497 513 476.76 538.88
498 364 481.21 388.2
498 526 479.52 551.38
499 501 480.61 526.46
504 482 485.18 507.28
504 334 487.96 358.38
504 345 488.13 369.72
506 357 488.67 381.46
507 322 491.72 346.72
507 322 491.72 346.72
508 489 489.25 513.8
508 532 489.24 557.49
509 519 490.23 544.18
511 488 492.14 513.51
512 339 495.76 363.4
512 339 495.76 363.4
512 432 494.22 456.38
515 350 499.43 374.85
515 350 499.43 374.85
523 343 507.6 367.89
523 343 507.6 367.89
533 385 516.05 410.11
535 366 519.67 391.28
535 366 519.67 391.28
537 354 521.76 379.46
546 347 530.59 372.99
547 359 531.12 384.65
547 359 531.12 384.65
547 371 531.13 396.41
554 364 537.36 389.7
554 352 538.81 378.28
555 340 539.83 366.16
557 346 541.74 372.17
567 363 551.28 389.29
569 327 553.13 354.35
572 427 556 453.12
575 368 559.6 395.08
576 356 561.06 382.4
576 356 561.06 382.4
581 446 563.6 471.75
582 459 565.32 484.73
585 325 569.68 352.77
585 496 567.83 522.09
588 477 570.63 502.84
588 490 570.95 515.59
588 490 570.95 515.59
588 547 570.27 572.97
589 349 573.31 375.99
589 515 571.25 540.76
592 331 575.91 358.51
591 502 573.68 527.92
591 502 573.68 527.92
593 317 577.27 345.09
593 317 577.27 345.09
600 451 583.6 477.22
466 269 450.37 292.59
479 285 463.01 309.53
482 518 461.59 543.81
483 556 462.68 582.59
483 556 462.68 582.59
507 415 489.31 440.1
507 326 492.41 350.69
514 451 496.14 475.77
516 243 501.96 268.95
517 381 499.91 405.77
521 246 507.22 272.63
528 317 513.54 342.99
535 251 520.69 277.3
539 239 525.28 266.27
551 232 537.88 258.98
579 291 564.84 318.13
588 321 572.33 348.24
599 300 584.27 327.78
599 300 584.27 327.78
466 258 450.72 281.67
471 241 456.4 264.69
476 320 458.91 343.48
477 242 462.51 265.86
480 371 462.59 394.66
480 371 462.59 394.66
483 241 467.84 264.41
490 386 471.86 410.16
498 249 483.19 273.72
504 353 487.48 377.56
504 374 487.54 398.85
506 551 486.73 577.18
510 248 494.84 273.23
512 401 495.05 425.07
528 503 509.81 528.56
530 527 510.93 553.39
531 294 516 319.47
542 521 523.73 546.6
543 416 526.79 441.83
555 374 539.16 400.26
556 542 537.81 567.69
557 230 543.5 258.12
561 433 544.48 458.57
563 367 546.97 392.92
581 306 565.97 333.43
585 395 569.45 421.68
587 227 573.31 256.74
587 227 573.31 256.74
587 243 572.94 272.61
587 435 570.82 461.31
595 259 580.37 287.92
595 259 580.37 287.92
472 263 456.69 286.61
494 411 476.3 435.6
494 335 477.66 358.82
498 260 483.75 284.4
499 271 484.43 295.72
499 271 484.43 295.72
500 282 484.22 307.27
500 282 484.22 307.27
501 294 485.21 318.65
501 294 485.21 318.65
507 315 491.54 339.86
507 315 491.54 339.86
511 263 496.48 288.83
511 263 496.48 288.83
512 275 496.73 300.51
512 275 496.73 300.51
513 298 497.87 323.23
513 298 497.87 323.23
513 310 497.75 334.97
513 310 497.75 334.97
522 493 503.13 519.07
522 506 503.54 531.78
524 280 508.98 305.44
524 280 508.98 305.44
525 452 507.7 477.31
525 302 510.42 327.83
527 490 509.17 515.65
530 426 513.16 451.54
531 438 513.29 462.97
531 438 513.29 462.97
535 261 520.92 287
535 261 520.92 287
537 441 519.6 465.81
537 295 522.22 321.6
537 295 522.22 321.6
541 501 522.69 526.46
545 479 527.26 505.1
547 492 528.74 517.63
547 492 528.74 517.63
547 504 529.17 530.1
550 321 535.24 347.42
550 321 535.24 347.42
551 477 533.64 502.39
554 368 537.99 394.17
557 472 539.58 497.96
557 557 538.48 583.33
557 557 538.48 583.33
559 258 544.64 285.19
560 510 541.81 535.89
562 439 544.8 464.22
562 439 544.8 464.22
562 304 547.33 331.36
562 304 547.33 331.36
566 386 550.55 412.03
567 520 549.11 545.61
571 250 556.81 278.29
572 262 557.83 289.72
591 234 576.8 264.4
605 389 588.88 415.68
467 247 451.52 270.19
469 350 451.17 373.19
469 367 450.71 390.19
471 390 452.97 413.01
472 268 456.43 292.11
472 268 456.43 292.11
475 325 457.85 348.58
480 342 463.11 365.38
480 342 463.11 365.38
484 296 467.9 320.18
487 266 472.11 290.55
487 266 472.11 290.55
499 254 484.37 278.51
507 452 488.8 476.58
511 374 493.98 399.17
513 327 498.66 351.48
512 551 492.34 576.69
513 304 497.75 329.21
519 368 501.79 392.88
519 368 501.79 392.88
525 285 509.61 311.09
533 385 516.05 410.11
535 255 520.82 281.47
536 266 521.45 292.63
536 266 521.45 292.63
537 278 522.41 304.18
544 383 527.6 408.93
550 382 534.24 408.44
555 328 539.39 354.27
555 328 539.39 354.27
593 379 576.96 406.05
595 470 578.1 495.9
600 385 584.24 412.01
480 538 460.33 564.31
484 284 468.1 308.39
490 370 472.25 393.85
498 434 480.04 458.28
500 277 484.48 301.53
501 288 484.99 312.98
501 300 485.4 324.43
502 311 485.9 335.95
511 258 496.03 283.3
511 269 496.39 294.81
513 293 497.29 317.73
514 315 498.42 340.57
518 438 500.62 463.33
519 450 501.3 475.59
519 450 501.3 475.59
521 475 502.15 500.1
521 487 502.74 512.62
523 251 508.44 276.53
522 499 503.46 524.89
523 512 503.83 537.42
524 524 504.47 549.85
524 537 505.02 562.67
525 308 510.85 333.9
530 431 513.22 456.74
531 444 513.39 468.87
533 480 515.1 505.48
534 493 516.1 518.07
535 517 516.88 542.87
535 517 516.88 542.87
536 530 517.59 555.45
537 542 518.32 568.11
538 313 523.14 338.73
538 555 519.04 581.06
543 437 525.58 462.02
544 449 526.32 474.28
545 473 527.25 498.73
546 486 527.93 511.29
547 247 532.43 274.61
547 247 532.43 274.61
547 498 528.79 523.68
547 259 532.91 286.21
547 259 532.91 286.21
549 535 530.48 561.35
549 294 534.45 320.57
550 306 535.09 332.35
550 548 531.49 574.5
556 454 539.01 479.49
559 252 544.27 279.49
560 504 541.72 529.37
560 504 541.72 529.37
561 287 546.59 313.91
561 287 546.59 313.91
561 528 543.39 554.2
562 299 547.15 325.58
562 541 544.27 567.08
563 310 548.17 337.01
564 554 544.96 580.03
567 435 550.66 460.47
568 447 551.46 472.85
569 459 552.2 484.95
570 471 553.03 497.27
571 484 553.48 509.94
571 244 557.26 272.53
571 244 557.26 272.53
573 268 558.32 295.58
573 509 555.57 534.9
574 291 559.48 318.72
574 291 559.48 318.72
574 521 556.59 547.5
575 303 560.19 330.38
575 534 557.28 560.01
588 260 573.7 288.3
486 407 468.91 431.18
528 233 514.46 259.75
564 228 550.55 256.08
483 324 467.15 348.6
483 532 463.58 558.22
488 364 470.45 388.27
491 376 473.75 400.48
498 369 481.6 393.22
504 259 488.78 284.06
504 259 488.78 284.06
503 340 487.05 364.13
505 282 489.83 306.79
505 293 489.83 318.24
505 293 489.83 318.24
506 305 490.14 329.72
506 305 490.14 329.72
512 333 496.35 357.94
516 263 501.05 288.48
516 263 501.05 288.48
533 474 515.52 499.14
540 249 525.73 275.46
540 260 525.65 286.72
543 306 527.63 332.57
543 306 527.63 332.57
546 365 530.62 390.69
546 365 530.62 390.69
546 352 530.57 377.83
549 288 533.81 314.8
550 300 534.9 326.19
551 253 536.93 280.02
552 334 537.21 360.48
558 305 542.56 331.55
560 436 543.14 461.53
560 436 543.14 461.53
561 293 546.54 319.69
561 293 546.54 319.69
572 503 554.28 528.97
572 503 554.28 528.97
574 285 558.84 312.89
574 285 558.84 312.89
584 331 569.16 358.36
608 414 591.28 440.45
457 260 442.27 283.39
496 306 480.27 330.53
496 317 481.06 341.6
498 495 479.02 519.98
507 276 492.14 300.75
508 287 492.53 312.37
510 310 494.06 335.08
516 275 501.38 300.13
516 275 501.38 300.13
517 298 502.05 323.15
519 244 504.54 270.46
519 268 503.95 294.04
520 303 505.22 328.41
520 303 505.22 328.41
524 444 505.86 469.44
524 444 505.86 469.44
524 444 505.86 469.44
524 456 506.39 481.17
525 469 506.48 493.7
525 469 506.48 493.7
526 481 507.34 506.07
526 450 508.91 475.24
526 450 508.91 475.24
527 462 509.36 487.4
527 493 508.31 518.35
527 243 512.58 269.19
528 255 513.06 281.74
528 474 509.74 499.35
528 267 513.46 293.34
529 487 510.52 512.21
529 531 509.74 556.63
530 499 511.47 524.4
531 523 512.06 549.19
531 273 517.03 298.69
532 284 517.66 310.07
533 296 517.69 321.49
533 296 517.69 321.49
533 296 517.69 321.49
532 548 513.5 574.95
536 449 518.29 474.27
537 474 519.47 498.98
537 474 519.47 498.98
539 443 521.47 468.41
539 443 521.47 468.41
540 511 521.74 536.47
542 241 528.16 267.72
542 253 527.86 280.56
541 283 526.4 309.35
543 265 528.46 292.09
544 288 529.66 315
544 288 529.66 315
548 443 530.85 468.02
548 443 530.85 468.02
551 448 534.19 473.55
552 460 534.91 486.06
552 460 534.91 486.06
555 554 536.64 580.26
555 554 536.64 580.26
561 448 543.66 473.51
561 448 543.66 473.51
562 460 544.44 485.27
563 485 545.77 510.62
564 257 549.71 284.49
564 257 549.71 284.49
565 268 550.47 296.08
565 268 550.47 296.08
566 238 552.4 266.07
566 478 548.68 503.88
565 510 547.23 535.73
567 262 552.71 290.27
569 274 554.11 301.76
568 547 549.77 573.72
568 547 549.77 573.72
570 298 554.81 325.04
570 298 554.81 325.04
570 541 552.12 567.1
576 250 561.98 278.01
581 528 562.72 553.61
589 355 573.44 382.17
600 540 582.39 565.94
492 259 476.88 283.73
493 272 477.65 296.07
493 283 478.1 307.63
512 445 494.34 469.7
512 458 493.82 482.48
514 469 495.91 494.12
514 494 495.59 519.32
515 505 496.44 530.8
517 530 498.09 556.16
518 543 498.94 568.98
574 440 557.53 466.31
577 464 560.36 490.2
578 490 560.68 515.68
579 503 561.79 528.86
582 541 564.15 566.72
468 271 452.31 293.83
469 303 452.9 326.83
531 360 516.13 385
551 316 536.53 342.58
475 400 457.2 422.58
503 368 486.8 392.03
522 423 504.23 448.33
543 420 526.12 445.83
486 444 468.46 467.61
509 302 492.81 326.84
509 302 492.81 326.84
544 455 526.23 480.13
646 227 595.75 260.28
652 254 600.74 287.36
655 330 603.09 360.94
659 334 607.08 364.66
659 342 607.58 372.47
659 342 607.58 372.47
662 245 611.68 278.71
663 253 612.13 286.53
663 253 612.13 286.53
663 370 610.03 400.55
664 253 612.13 286.53
664 423 610.29 452.36
665 387 612.04 416.56
665 387 612.04 416.56
666 457 611.76 486.03
666 293 614.12 325.04
666 293 614.12 325.04
666 285 614.63 317.49
668 309 615.32 340.34
668 366 615.01 395.88
668 471 613.2 499.15
670 466 614.82 494.68
671 390 617.27 419.97
672 189 621.98 224.79
672 189 621.98 224.79
673 470 618.3 498.43
674 479 619.35 506.89
675 496 619.33 523.9
676 386 622.82 415.79
676 504 621.6 532.76
679 438 624.28 467.68
680 461 624.5 490.18
680 500 624.36 528.17
681 372 627.27 402.96
682 508 626.47 536.56
682 381 629.03 411.07
683 398 628.75 427.89
684 469 628.99 497.47
686 360 632.39 391.16
686 487 630.39 515.01
687 465 632.37 493.8
687 495 631.26 523.65
690 491 634.85 519.01
690 491 634.85 519.01
695 397 640.02 426.96
699 455 643.65 484.17
702 215 650.13 251.7
702 215 650.13 251.7
707 451 650.92 479.99
715 521 657.33 548.65
716 361 661.54 393.29
716 361 661.54 393.29
717 369 661.27 401.02
721 461 664.26 489.95
721 461 664.26 489.95
721 461 664.26 489.95
740 359 684.03 391.55
741 272 685.71 307.74
741 367 684.92 399.22
742 458 684.8 487.14
743 392 687.2 424.1
745 493 687.03 521.75
745 493 687.03 521.75
745 346 689.78 378.78
746 501 687.79 530.17
747 453 689.28 482.64
747 453 689.28 482.64
747 371 691.23 402.94
748 492 690.55 521.42
750 462 691.74 491.42
749 484 691.45 512.87
750 388 692.92 419.32
750 510 691.56 538.87
752 497 693.16 525.76
751 501 692.68 530.11
751 501 692.68 530.11
754 414 696.55 444.98
754 452 695.52 482.64
754 452 695.52 482.64
756 439 697.38 469.89
757 497 698.6 525.63
765 470 705.98 499.65
645 215 595.37 248.87
647 148 597.73 183.82
649 219 598.92 253.38
654 294 602.67 325.83
654 214 605.23 247.59
656 302 604.35 333.71
656 318 603.84 349.14
656 318 603.84 349.14
658 326 605.18 356.74
661 277 609.04 308.88
661 409 607.14 437.9
662 297 610.36 329.31
664 313 611.58 344.59
666 213 615.54 247.53
668 325 615.52 356.25
670 483 614.63 511.11
670 374 616.83 403.76
670 374 616.83 403.76
670 444 615.47 472.98
670 491 615.33 519.48
671 357 618.57 387.42
672 382 618.03 412.17
672 399 618.59 428.57
677 513 621.08 540.97
677 521 621.62 549.35
677 521 621.62 549.35
678 177 627.25 213.3
678 177 627.25 213.3
678 394 623.94 423.95
681 389 627.63 419.39
687 368 633.51 398.87
687 368 633.51 398.87
689 482 633.67 510.6
689 384 634.47 414.56
690 376 635.67 406.84
690 376 635.67 406.84
690 393 635.25 423.12
693 516 636.49 544.41
694 388 640.36 418.52
698 367 643.95 398.15
698 367 643.95 398.15
699 375 643.59 405.96
699 375 643.59 405.96
700 392 645.72 422.58
701 383 646.35 414.04
703 207 650.33 243.76
703 400 647.63 430.58
703 400 647.63 430.58
703 195 650.39 232
704 405 648.99 435.53
706 442 649.92 471.8
706 442 649.92 471.8
706 387 651.13 417.78
712 391 656.81 421.6
718 377 663.19 408.62
719 386 663.53 417.03
719 386 663.53 417.03
720 395 663.54 425.78
721 357 665.51 389.38
723 364 667.58 396.45
725 168 671.94 206.54
727 398 670.7 429.44
727 390 670.62 420.98
728 368 672.44 400.28
731 384 675.16 416.38
733 372 677.23 404.23
735 363 678.88 395.74
735 389 678.06 420.72
736 398 680.24 428.84
736 480 678.43 508.92
738 317 683.07 350.78
742 296 686.95 331.31
742 341 685.46 374.78
743 362 687.42 394.69
745 354 687.72 386.75
747 453 689.28 482.64
747 453 689.28 482.64
749 379 691.33 411.06
750 340 694.23 374.08
753 470 694.11 500.07
753 470 694.11 500.07
756 382 698.34 414.45
756 382 698.34 414.45
757 391 699.87 423.09
759 443 700.26 473.69
758 506 698.96 534.47
759 501 700.89 529.87
762 483 703.08 512.49
763 492 703.95 520.92
763 501 703.58 529.69
763 501 703.58 529.69
647 171 597.62 206.04
669 228 617.34 262.44
670 252 619.17 285.7
671 260 619.15 293.47
672 268 619.93 301.18
673 276 620.8 308.86
673 276 620.8 308.86
673 207 622.31 242.1
673 207 622.31 242.1
674 284 621.64 316.55
674 284 621.64 316.55
674 292 621.74 324.45
674 292 621.74 324.45
675 300 622.17 332.29
675 308 622.92 339.95
677 324 623.99 355.4
677 223 625.51 257.74
677 332 624.55 363.45
678 340 624.95 371.42
678 239 626.85 273.48
678 239 626.85 273.48
679 247 627.38 281.07
679 348 625.25 379.22
680 263 628.15 296.56
681 271 628.61 304.31
682 279 629.9 312.05
682 279 629.9 312.05
683 295 630.11 327.71
683 295 630.11 327.71
683 287 630.49 319.78
683 287 630.49 319.78
684 303 631.15 335.45
684 303 631.15 335.45
684 407 630.04 436.35
685 376 631.08 406.94
685 376 631.08 406.94
685 311 632.2 343.05
685 311 632.2 343.05
685 319 632.3 350.96
685 319 632.3 350.96
686 195 634.73 231.1
686 226 633.94 260.94
687 335 633.31 366.73
687 234 634.83 268.9
687 242 635.34 276.69
688 351 634.52 382.39
694 314 640.74 346.23
694 220 642.21 256.34
695 229 642.23 264.23
695 237 643.03 272.07
696 338 641.76 370.19
696 338 641.76 370.19
696 245 643.64 279.8
696 346 642.22 378.17
697 253 644.11 287.48
697 355 643.27 386.08
698 269 645.43 303
698 269 645.43 303
698 269 645.43 303
698 438 643.85 467.29
699 277 646.3 310.77
700 285 647.08 318.43
700 499 643.63 527.01
701 292 647.73 326.04
702 300 648.59 333.75
703 223 650.71 259.51
704 240 651.76 275.42
705 325 650.42 357.3
706 256 652.42 290.83
709 287 655.6 321.6
709 287 655.6 321.6
709 405 654.14 435.07
710 296 655.97 329.46
712 218 658.77 254.85
712 365 656.64 397.37
716 266 662.2 301.48
717 274 663.09 309.32
718 282 663.64 317
718 404 661.93 434.81
718 291 664.16 324.87
719 299 664.79 332.7
720 306 665.68 340.38
721 315 666 348.33
722 229 668.33 265.92
723 237 669.16 273.67
724 467 667.31 496.68
726 436 669.18 466.04
727 277 672.45 312.36
728 502 671.05 530.88
728 502 671.05 530.88
734 462 676.75 491.72
737 380 681.41 411.59
737 435 679.75 465.6
749 361 691.5 394.14
763 425 705.26 456.46
765 443 706.76 473.08
644 153 595.2 188.19
644 153 595.2 188.19
644 153 595.2 188.19
681 386 626.69 415.62
682 333 629.09 364.91
691 235 638.82 270.69
691 235 638.82 270.69
692 243 639.42 278.31
700 238 647.46 273.98
706 514 648.84 541.89
710 462 653.39 490.89
715 357 660.13 388.63
727 447 670.53 477.03
743 308 687.31 342.49
743 308 687.31 342.49
748 295 692.51 330.4
759 481 699.97 509.85
657 322 604.93 352.96
663 317 611.89 348.85
669 232 617.75 266.11
670 248 618.69 281.83
671 256 619.27 289.6
671 256 619.27 289.6
671 264 619.64 297.2
671 264 619.64 297.2
672 272 620.28 305.12
672 272 620.28 305.12
673 465 617.79 493.22
673 280 620.98 312.81
673 280 620.98 312.81
674 288 621.86 320.45
674 288 621.86 320.45
675 296 622.28 328.25
675 296 622.28 328.25
675 304 622.81 336.07
675 304 622.81 336.07
676 312 623.07 343.81
676 312 623.07 343.81
677 320 623.78 351.47
677 328 624.28 359.48
678 336 624.68 367.41
678 336 624.68 367.41
679 251 627.38 284.93
680 259 628.03 292.8
681 267 628.61 300.41
681 267 628.61 300.41
682 283 630.03 316.12
685 315 632.08 347.04
686 229 634.21 264.68
687 199 635.51 234.91
687 339 633.5 370.77
687 380 633.2 410.78
687 246 635.32 280.5
687 246 635.32 280.5
688 254 636.18 288.22
688 254 636.18 288.22
689 262 636.18 295.94
689 262 636.18 295.94
691 278 638 311.4
691 278 638 311.4
692 172 641.08 209.59
692 294 639.08 326.92
692 294 639.08 326.92
693 302 639.58 334.63
693 302 639.58 334.63
694 224 642.29 260.16
694 318 640.78 350.33
695 233 642.47 268.1
695 233 642.47 268.1
695 326 641.13 358.15
695 334 641.63 366.17
695 334 641.63 366.17
696 241 643.61 275.91
696 241 643.61 275.91
696 350 642.74 382.06
697 363 642.33 394.06
697 477 641.64 506.08
699 273 645.64 307.02
699 273 645.64 307.02
698 486 642.56 514.45
699 495 642.3 523.24
700 281 646.43 314.7
700 281 646.43 314.7
701 289 647.28 322.22
702 305 648.72 337.81
702 354 647.83 385.87
702 396 647.45 426.58
702 396 647.45 426.58
702 313 648.61 345.62
702 313 648.61 345.62
703 227 650.73 263.28
704 235 651.55 271.3
705 243 652.06 278.98
706 198 653.51 235.21
705 251 652.34 286.7
705 251 652.34 286.7
705 374 651.04 405.46
705 464 649.33 492.84
706 260 653.1 294.55
706 260 653.1 294.55
708 276 654.4 310.12
708 276 654.4 310.12
708 499 651.98 526.97
710 300 656.36 333.39
710 370 655.25 401.52
711 307 656.86 340.91
711 394 655.72 425.4
711 222 658.63 258.67
713 238 660.03 274.52
714 246 661.06 282.1
714 246 661.06 282.1
714 468 658.06 496.85
714 468 658.06 496.85
715 262 661.34 297.59
715 262 661.34 297.59
716 476 659.04 505.35
716 209 663.26 246.18
716 485 659.89 513.95
717 279 663.1 313.27
717 279 663.1 313.27
718 286 663.88 320.99
719 399 663.65 429.74
719 511 661.9 539.61
719 511 661.9 539.61
720 303 665.11 336.52
720 311 665.85 344.37
720 311 665.85 344.37
721 361 666.06 392.57
722 225 668.15 261.89
722 233 668.28 269.95
722 233 668.28 269.95
722 212 669.04 249.69
723 241 668.88 277.48
723 249 669.48 285.26
723 249 669.48 285.26
724 257 670.24 292.91
724 257 670.24 292.91
724 472 667.37 500.96
725 265 670.57 300.74
725 480 668.5 509.13
726 273 671.41 308.65
726 273 671.41 308.65
727 281 672.28 316.22
727 281 672.28 316.22
727 289 672.54 324.18
728 298 673.25 331.99
728 507 670.82 535.09
729 305 673.68 339.7
730 314 674.47 347.54
733 360 677.26 392.12
733 513 675.35 541.82
733 513 675.35 541.82
733 467 676.26 496.22
733 467 676.26 496.22
734 476 676.99 504.82
734 476 676.99 504.82
735 376 679.17 408.08
736 493 678.15 521.99
736 493 678.15 521.99
737 502 679.01 530.5
737 510 679.51 538.79
760 471 701.59 500.45
762 430 703.71 461.25
762 430 703.71 461.25
763 439 704.69 469.89
662 366 608.94 396.25
663 333 610.35 364.18
663 333 610.35 364.18
665 177 614.34 212.61
670 386 616.77 416.19
672 232 620.83 265.94
672 232 620.83 265.94
673 240 621.55 273.83
673 240 621.55 273.83
673 227 622.39 261.86
673 227 622.39 261.86
673 227 622.39 261.86
675 263 622.93 296.81
675 373 621.63 403.48
675 373 621.63 403.48
675 373 621.63 403.48
676 251 624.3 285.39
676 251 624.3 285.39
675 271 623.4 304.7
676 259 624.66 292.99
677 267 625.4 300.79
677 267 625.4 300.79
679 283 626.91 316.29
679 283 626.91 316.29
679 479 623.97 506.83
680 291 627.51 324.02
680 319 626.93 351.33
681 299 628.09 331.72
681 307 628.42 339.55
681 235 629.62 269.48
681 235 629.62 269.48
682 243 630.12 277.25
682 315 629.18 347.2
682 344 628.61 375.07
682 344 628.61 375.07
682 448 627.42 476.7
683 332 629.74 363.27
682 352 629.03 382.92
682 352 629.03 382.92
683 238 631.58 272.86
683 250 630.78 284.61
683 250 630.78 284.61
683 258 631.16 292.38
683 266 631.35 300.2
683 266 631.35 300.2
683 339 630.28 370.88
685 254 632.81 288.47
685 274 632.48 307.74
686 282 632.94 315.67
686 282 632.94 315.67
686 270 634.22 303.96
686 270 634.22 303.96
686 290 633.5 323.4
686 364 632.62 394.77
687 372 632.99 402.96
687 278 634.77 311.81
687 278 634.77 311.81
687 306 634.48 338.91
689 294 636.12 327.1
689 435 634.6 464.32
690 237 638.01 272.46
690 237 638.01 272.46
690 331 636.26 362.53
690 310 637.42 342.62
690 310 637.42 342.62
691 318 637.6 350.48
793 386 715.1 419.94
798 389 719.41 422.83
805 382 725.66 416.22
810 481 729.03 511.31
817 415 737.01 447.88
818 401 738.12 434.21
818 401 738.12 434.21
821 407 740.3 440.44
821 407 740.3 440.44
828 330 748.46 366.79
830 406 748.42 440.1
838 392 756.44 427.01
838 486 755.76 516.86
840 435 757.64 467.92
850 485 766.5 516.57
789 345 711.24 379.9
789 345 711.24 379.9
797 354 719.01 388.65
803 491 722.24 521.59
803 343 724.78 378.95
803 497 722.87 527.49
803 497 722.87 527.49
804 350 725.23 385.09
804 329 725.96 365.16
805 356 725.79 391.3
805 441 725.13 472.6
806 376 727.22 409.89
810 494 729.17 524.07
810 339 731.3 375.53
810 346 731.33 381.61
810 346 731.33 381.61
811 352 731.84 387.83
811 352 731.84 387.83
811 500 729.85 530.45
812 359 732.56 394
813 457 732.59 488.56
818 342 738.15 377.95
819 355 739.46 390.42
820 361 740.34 396.6
821 368 740.87 402.78
822 460 740.13 491.49
822 414 741.4 447.34
822 467 740.77 497.94
823 473 741.31 504.27
833 390 752.65 424.07
791 377 713.47 410.73
791 377 713.47 410.73
799 458 719.02 489.08
821 374 740.79 409.11
823 330 742.66 366.48
825 493 742.75 523.6
825 500 743.48 530.15
833 354 752.35 389.94
834 496 751.7 526.55
786 348 708.7 382.87
793 345 714.9 380
792 354 714.43 389.26
794 373 716.04 407.24
796 350 718.26 385.63
796 350 718.26 385.63
797 357 718.65 391.82
797 357 718.65 391.82
798 344 720.16 379.52
799 461 719.31 492.42
800 454 720.3 485.7
802 494 721.88 524.43
802 494 721.88 524.43
803 474 723.04 505.08
803 474 723.04 505.08
804 353 725.68 388.3
804 353 725.68 388.3
805 478 724.68 508.22
805 340 726.82 375.77
805 340 726.82 375.77
806 346 727.33 381.9
806 346 727.33 381.9
806 346 727.33 381.9
806 491 726.21 520.97
807 343 728.54 378.8
807 343 728.54 378.8
809 404 729.56 437.72
811 356 732.11 390.99
811 356 732.11 390.99
812 394 732.65 428.28
812 394 732.65 428.28
813 460 732.86 491.84
819 338 739.47 374.88
820 358 739.67 393.55
821 365 740.52 399.79
821 371 740.95 405.93
823 477 741.6 507.52
823 477 741.6 507.52
836 356 755.24 392.61
784 345 706.7 380.24
791 348 713.65 382.61
794 351 715.9 385.71
794 351 715.9 385.71
795 364 716.65 398.24
796 438 716.05 470.42
799 350 720.42 385.5
799 350 720.42 385.5
800 347 722.02 382.22
801 353 722.88 388.39
802 360 723.47 394.55
802 461 722.51 492.38
805 445 725.26 476.51
805 494 724.77 524.34
805 494 724.77 524.34
806 353 727.27 388.19
806 353 727.27 388.19
806 379 727.3 413.07
808 349 729.27 384.86
808 349 729.27 384.86
811 461 730.6 492.05
811 477 730.2 507.96
813 342 733.46 378.45
812 490 731.37 520.73
813 497 732.03 527.18
814 408 733.62 440.92
815 345 735.47 381.14
815 345 735.47 381.14
816 460 735.51 491.67
817 457 736.62 488.57
818 404 738.24 437.46
819 378 739.22 412.57
819 398 738.41 431.26
820 477 738.6 507.58
820 477 738.6 507.58
820 493 738.51 523.92
820 493 738.51 523.92
820 483 739.07 513.93
824 457 742.4 488.19
825 377 744.82 411.43
834 333 753.49 370.06
836 435 753.96 467.85
836 435 753.96 467.85
836 363 755.45 398.72
838 376 757.13 411.31
850 488 767.61 518.97
786 340 708.73 375.85
799 447 719.82 478.67
801 339 722.4 375.06
813 418 732.96 451.13
821 490 740.01 520.35
825 463 743.29 494.54
827 483 745.41 513.74
828 490 746.48 520.62
829 496 746.66 526.62
842 434 760.15 467.25
842 434 760.15 467.25
828 399 747.13 433.72
811 406 731.41 438.92
811 406 731.41 438.92
819 409 738.99 443.3
833 383 751.69 418.12
841 489 758.78 519.28
